code,date,open,high,low,close,change,volume,money,traded_market_value,market_value,turnover,adjust_price,report_type,report_date,PE_TTM,PS_TTM,PC_TTM,PB,adjust_price_f
sh600760,2014-12-31,10.550000,10.970000,10.520000,10.730000,0.004682,7570450.000000,81375899.000000,3701210380.000000,3701210380.000000,0.021947,52.635608,2014-09-30,2014-10-30,-387.084836,1.211879,34.460915,5.587173,10.525413
sh600760,2014-12-30,11.010000,11.100000,10.660000,10.680000,-0.040431,8666375.000000,94139480.000000,3683963370.000000,3683963370.000000,0.025124,52.390317,2014-09-30,2014-10-30,-385.280951,1.206231,34.300321,5.561135,10.476363
sh600760,2014-12-29,11.520000,11.600000,10.840000,11.130000,-0.033854,14416228.000000,159842435.000000,3839186540.000000,3839186540.000000,0.041793,54.597759,2014-09-30,2014-10-30,-401.514587,1.257055,35.745549,5.795451,10.917780
sh600760,2014-12-26,11.340000,11.670000,11.320000,11.520000,0.001739,9553954.000000,110120199.000000,3973713290.000000,3973713290.000000,0.027697,56.510878,2014-09-30,2014-10-30,-415.583760,1.301102,36.998082,5.998525,11.300342
sh600760,2014-12-25,11.300000,11.510000,11.160000,11.500000,0.020408,11212631.000000,127137568.000000,3966814490.000000,3966814490.000000,0.032506,56.412776,2014-09-30,2014-10-30,-414.862314,1.298844,36.933854,5.988112,11.280724
sh600760,2014-12-24,10.650000,11.370000,10.650000,11.270000,0.048372,12834106.000000,141754925.000000,3887478200.000000,3887478200.000000,0.037207,55.284529,2014-09-30,2014-10-30,-406.565133,1.272867,36.195183,5.868351,11.055112
sh600760,2014-12-23,11.220000,11.480000,10.700000,10.750000,-0.042743,12086471.000000,135195786.000000,3708109190.000000,3708109190.000000,0.035039,52.733695,2014-09-30,2014-10-30,-387.806173,1.214137,34.525133,5.597584,10.545028
sh600760,2014-12-22,12.400000,12.590000,11.150000,11.230000,-0.093624,23472204.000000,271338375.000000,3873680580.000000,3873680580.000000,0.068047,55.088336,2014-09-30,2014-10-30,-405.122316,1.268350,36.066733,5.847525,11.015879
sh600760,2014-12-19,12.660000,12.690000,12.180000,12.390000,-0.032787,17554107.000000,217050785.000000,4273811430.000000,4273811430.000000,0.050890,60.778679,2014-09-30,2014-10-30,-446.969377,1.399364,39.792242,6.451544,12.153763
sh600760,2014-12-18,12.310000,13.200000,12.300000,12.810000,0.016667,22910720.000000,295474207.000000,4418686400.000000,4418686400.000000,0.066419,62.838980,2014-09-30,2014-10-30,-462.120936,1.446800,41.141137,6.670242,12.565757
sh600760,2014-12-17,13.200000,13.200000,12.520000,12.600000,-0.047619,23946869.000000,305253522.000000,4346248910.000000,4346248910.000000,0.069423,61.808813,2014-09-30,2014-10-30,-454.545034,1.423082,40.466679,6.560891,12.359757
sh600760,2014-12-16,13.070000,13.600000,13.070000,13.230000,0.012242,22381977.000000,298318980.000000,4563561360.000000,4563561360.000000,0.064887,64.899250,2014-09-30,2014-10-30,-477.272262,1.494236,42.490010,6.888936,12.977744
sh600760,2014-12-15,12.760000,13.470000,12.620000,13.070000,-0.038263,26631016.000000,348067066.000000,4508370900.000000,4508370900.000000,0.077205,64.114362,2014-09-30,2014-10-30,-471.500157,1.476165,41.976139,6.805621,12.820792
sh600760,2014-12-12,13.550000,13.970000,13.550000,13.590000,-0.029286,25539996.000000,348991481.000000,4687739900.000000,4687739900.000000,0.074042,66.665172,2014-09-30,2014-10-30,-490.258934,1.534894,43.646172,7.076385,13.330871
sh600760,2014-12-11,14.000000,14.750000,13.380000,14.000000,-0.026426,47477114.000000,663525509.000000,4829165460.000000,4829165460.000000,0.137639,68.676430,2014-09-30,2014-10-30,-505.049823,1.581201,44.962957,7.289876,13.733057
sh600760,2014-12-10,14.130000,15.100000,12.790000,14.380000,0.019858,69308609.000000,972042705.000000,4960242810.000000,4960242810.000000,0.200929,70.540534,2014-09-30,2014-10-30,-518.758537,1.624120,46.183400,7.487747,14.105817
sh600760,2014-12-09,14.250000,14.250000,13.250000,14.100000,0.088803,58843887.000000,821692710.000000,4863659500.000000,4863659500.000000,0.170591,69.167015,2014-09-30,2014-10-30,-508.657614,1.592496,45.284147,7.341951,13.831158
sh600760,2014-12-08,12.950000,12.950000,12.950000,12.950000,0.100255,1089360.000000,14107212.000000,4466978050.000000,4466978050.000000,0.003158,63.525739,2014-09-30,2014-10-30,-467.171392,1.462612,41.590763,6.743140,12.703086
sh600760,2014-11-19,11.960000,12.100000,11.710000,11.770000,-0.023237,6790653.000000,80363400.000000,4059948390.000000,4059948390.000000,0.019686,57.737287,2014-09-30,2014-10-30,-424.602835,1.329339,37.801021,6.128706,11.545584
sh600760,2014-11-18,12.260000,12.300000,11.930000,12.050000,-0.013104,12063048.000000,145005360.000000,4156531700.000000,4156531700.000000,0.034971,59.110846,2014-09-30,2014-10-30,-434.704053,1.360964,38.700300,6.274507,11.820251
sh600760,2014-11-17,11.530000,12.410000,11.530000,12.210000,0.038265,20207367.000000,244643429.000000,4211722160.000000,4211722160.000000,0.058582,59.895720,2014-09-30,2014-10-30,-440.476051,1.379035,39.214163,6.357820,11.977200
sh600760,2014-11-14,11.520000,11.970000,11.460000,11.760000,0.015544,12648084.000000,148814711.000000,4056498990.000000,4056498990.000000,0.036667,57.688278,2014-09-30,2014-10-30,-424.242415,1.328211,37.768934,6.123504,11.535783
sh600760,2014-11-13,12.020000,12.020000,11.350000,11.580000,-0.039004,14717840.000000,171306377.000000,3994409720.000000,3994409720.000000,0.042668,56.805296,2014-09-30,2014-10-30,-417.748926,1.307881,37.190840,6.029777,11.359216
sh600760,2014-11-12,11.700000,12.270000,11.230000,12.050000,0.003331,21729038.000000,258780441.000000,4156531700.000000,4156531700.000000,0.062994,59.110856,2014-09-30,2014-10-30,-434.704126,1.360964,38.700307,6.274508,11.820253
sh600760,2014-11-11,13.250000,13.250000,12.010000,12.010000,-0.099700,31282953.000000,386974373.000000,4142734080.000000,4142734080.000000,0.090691,58.914611,2014-09-30,2014-10-30,-433.260934,1.356446,38.571824,6.253677,11.781010
sh600760,2014-11-10,13.920000,14.000000,13.140000,13.340000,-0.045780,24600767.000000,328735526.000000,4601504800.000000,4601504800.000000,0.071319,65.438866,2014-09-30,2014-10-30,-481.240624,1.506660,42.843301,6.946215,13.085649
sh600760,2014-11-07,14.080000,14.230000,13.760000,13.980000,-0.010616,24755664.000000,345064833.000000,4822266650.000000,4822266650.000000,0.071768,68.578385,2014-09-30,2014-10-30,-504.328796,1.578944,44.898767,7.279469,13.713451
sh600760,2014-11-06,13.940000,14.190000,13.700000,14.130000,-0.004228,22319933.000000,311282306.000000,4874007710.000000,4874007710.000000,0.064707,69.314225,2014-09-30,2014-10-30,-509.740198,1.595886,45.380526,7.357577,13.860595
sh600760,2014-11-05,13.300000,14.500000,13.160000,14.190000,0.061331,43792596.000000,611253609.000000,4894704130.000000,4894704130.000000,0.126957,69.608529,2014-09-30,2014-10-30,-511.904531,1.602662,45.573210,7.388817,13.919447
sh600760,2014-11-04,13.360000,13.750000,13.050000,13.370000,-0.002983,24829365.000000,330537179.000000,4611853010.000000,4611853010.000000,0.071982,65.586070,2014-09-30,2014-10-30,-482.323168,1.510049,42.939676,6.961840,13.115085
sh600760,2014-11-03,12.400000,13.500000,12.350000,13.410000,0.065978,37574624.000000,494623576.000000,4625650630.000000,4625650630.000000,0.108931,65.782299,2014-09-30,2014-10-30,-483.766243,1.514567,43.068149,6.982669,13.154325
sh600760,2014-10-31,12.390000,12.770000,12.250000,12.580000,0.022764,23564875.000000,294953427.000000,4339350110.000000,4339350110.000000,0.068316,61.710747,2014-09-30,2014-10-30,-453.823853,1.420824,40.402474,6.550482,12.340147
sh600760,2014-10-30,12.500000,12.700000,12.140000,12.300000,-0.016000,21701201.000000,267019038.000000,4242766800.000000,4242766800.000000,0.062913,60.337230,2014-09-30,2014-10-30,-443.722944,1.389200,39.503223,6.404686,12.065488
sh600760,2014-10-29,11.860000,12.510000,11.860000,12.500000,0.060221,32867819.000000,402706840.000000,4311754880.000000,4311754880.000000,0.095286,61.318324,2014-06-30,2014-08-29,-733.869854,1.348271,-96.909783,6.210782,12.261675
sh600760,2014-10-28,11.170000,11.800000,11.130000,11.790000,0.056452,15542865.000000,178905772.000000,4066847200.000000,4066847200.000000,0.045060,57.835417,2014-06-30,2014-08-29,-692.185737,1.271689,-91.405266,5.858007,11.565206
sh600760,2014-10-27,10.980000,11.260000,10.690000,11.160000,0.013624,9917526.000000,109316933.000000,3849534750.000000,3849534750.000000,0.028751,54.744955,2014-06-30,2014-08-29,-655.198472,1.203735,-86.520984,5.544981,10.947214
sh600760,2014-10-24,11.330000,11.490000,10.900000,11.010000,-0.026525,9583021.000000,107117080.000000,3797793690.000000,3797793690.000000,0.027782,54.009134,2014-06-30,2014-08-29,-646.392028,1.187556,-85.358065,5.470452,10.800074
sh600760,2014-10-23,11.500000,11.840000,11.280000,11.310000,-0.032506,11815716.000000,135552167.000000,3901275810.000000,3901275810.000000,0.034254,55.480761,2014-06-30,2014-08-29,-664.004754,1.219914,-87.683880,5.619509,11.094352
sh600760,2014-10-22,11.750000,12.080000,11.500000,11.690000,0.000000,15046243.000000,178660424.000000,4032353160.000000,4032353160.000000,0.043620,57.344812,2014-06-30,2014-08-29,-686.314079,1.260901,-90.629896,5.808314,11.467101
sh600760,2014-10-21,11.970000,12.100000,11.590000,11.690000,-0.027454,10498001.000000,124156588.000000,4032353160.000000,4032353160.000000,0.030434,57.344812,2014-06-30,2014-08-29,-686.314079,1.260901,-90.629896,5.808314,11.467101
sh600760,2014-10-20,11.750000,12.070000,11.700000,12.020000,0.019508,10994935.000000,131400392.000000,4146183490.000000,4146183490.000000,0.031875,58.963599,2014-06-30,2014-08-29,-705.688038,1.296495,-93.188287,5.972277,11.790806
sh600760,2014-10-17,11.680000,11.950000,11.240000,11.790000,0.005973,13424715.000000,155970358.000000,4066847200.000000,4066847200.000000,0.038919,57.835347,2014-06-30,2014-08-29,-692.184896,1.271687,-91.405155,5.857999,11.565192
sh600760,2014-10-16,12.130000,12.280000,11.700000,11.720000,-0.047154,17318355.000000,207876415.000000,4042701370.000000,4042701370.000000,0.050207,57.491947,2014-06-30,2014-08-29,-688.075023,1.264136,-90.862434,5.823217,11.496524
sh600760,2014-10-15,12.500000,12.650000,12.140000,12.300000,-0.020701,11655826.000000,143670983.000000,4242766800.000000,4242766800.000000,0.033791,60.337082,2014-06-30,2014-08-29,-722.126160,1.326695,-95.358992,6.111394,12.065458
sh600760,2014-10-14,12.400000,12.690000,12.300000,12.560000,0.008026,13728152.000000,172085888.000000,4332451300.000000,4332451300.000000,0.039799,61.612523,2014-06-30,2014-08-29,-737.390889,1.354740,-97.374746,6.240580,12.320505
sh600760,2014-10-13,12.510000,12.510000,12.090000,12.460000,-0.021978,19679195.000000,242501845.000000,4297957260.000000,4297957260.000000,0.057051,61.121958,2014-06-30,2014-08-29,-731.519712,1.343953,-96.599439,6.190892,12.222408
sh600760,2014-10-10,13.000000,13.080000,12.600000,12.740000,-0.025994,20977378.000000,268224786.000000,4394540570.000000,4394540570.000000,0.060815,62.495484,2014-06-30,2014-08-29,-747.958340,1.374154,-98.770211,6.330013,12.497068
sh600760,2014-10-09,13.290000,13.450000,12.850000,13.080000,-0.020958,21885486.000000,286405302.000000,4511820300.000000,4511820300.000000,0.063447,64.163346,2014-06-30,2014-08-29,-767.919644,1.410827,-101.406163,6.498947,12.830587
sh600760,2014-10-08,12.970000,13.550000,12.670000,13.360000,0.034857,25475791.000000,336752077.000000,4608403610.000000,4608403610.000000,0.073856,65.536867,2014-06-30,2014-08-29,-784.358223,1.441028,-103.576928,6.638067,13.105247
sh600760,2014-09-30,13.180000,13.350000,12.600000,12.910000,-0.020486,28807387.000000,368894666.000000,4453180430.000000,4453180430.000000,0.083514,63.329395,2014-06-30,2014-08-29,-757.938752,1.392490,-100.088155,6.414478,12.663824
sh600760,2014-09-29,13.380000,13.620000,13.100000,13.180000,-0.010511,21245848.000000,281986879.000000,4546314340.000000,4546314340.000000,0.061593,64.653894,2014-06-30,2014-08-29,-773.790627,1.421614,-102.181444,6.548633,12.928681
sh600760,2014-09-26,13.430000,13.940000,13.220000,13.320000,-0.019146,29397674.000000,396596686.000000,4594605990.000000,4594605990.000000,0.085225,65.340690,2014-06-30,2014-08-29,-782.010338,1.436715,-103.266882,6.618197,13.066017
sh600760,2014-09-25,12.660000,13.890000,12.400000,13.580000,0.070134,48847170.000000,644011025.000000,4684290500.000000,4684290500.000000,0.141610,66.616123,2014-06-30,2014-08-29,-797.274964,1.464759,-105.282623,6.747383,13.321063
sh600760,2014-09-24,12.000000,12.840000,11.860000,12.690000,0.058382,46049606.000000,577250427.000000,4377293550.000000,4377293550.000000,0.133500,62.250263,2014-06-30,2014-08-29,-745.023487,1.368762,-98.382654,6.305175,12.448032
sh600760,2014-09-23,11.960000,12.330000,11.700000,11.990000,0.009259,26880849.000000,324465535.000000,4135835280.000000,4135835280.000000,0.077929,58.816441,2014-06-30,2014-08-29,-703.926831,1.293259,-92.955714,5.957372,11.761379
sh600760,2014-09-22,12.200000,12.290000,11.800000,11.880000,-0.040388,26919161.000000,321909114.000000,4097891830.000000,4097891830.000000,0.078040,58.276856,2014-06-30,2014-08-29,-697.468965,1.281395,-92.102933,5.902719,11.653480
sh600760,2014-09-19,11.740000,12.600000,11.520000,12.380000,0.029950,41201436.000000,498057135.000000,4270362030.000000,4270362030.000000,0.119445,60.729603,2014-06-30,2014-08-29,-726.823930,1.335326,-95.979347,6.151151,12.143950
sh600760,2014-09-18,11.550000,12.360000,11.430000,12.020000,0.027350,44733792.000000,536856887.000000,4146183490.000000,4146183490.000000,0.129686,58.963642,2014-06-30,2014-08-29,-705.688558,1.296496,-93.188355,5.972282,11.790815
sh600760,2014-09-17,11.500000,12.100000,11.030000,11.700000,-0.032258,41786434.000000,484072692.000000,4035802560.000000,4035802560.000000,0.121141,57.393918,2014-06-30,2014-08-29,-686.901794,1.261981,-90.707505,5.813288,11.476921
sh600760,2014-09-16,11.620000,12.750000,11.300000,12.090000,0.040448,62585332.000000,759098343.000000,4170329320.000000,4170329320.000000,0.181438,59.307045,2014-06-30,2014-08-29,-709.798473,1.304047,-93.731082,6.007064,11.859484
sh600760,2014-09-15,10.690000,11.620000,10.560000,11.620000,0.100379,53193818.000000,592046059.000000,4008207330.000000,4008207330.000000,0.154212,57.001450,2014-06-30,2014-08-29,-682.204659,1.253351,-90.087234,5.773536,11.398440
sh600760,2014-09-12,9.510000,10.560000,9.470000,10.560000,0.100000,43805255.000000,449319236.000000,3642570520.000000,3642570520.000000,0.126994,51.801652,2014-06-30,2014-08-29,-619.972445,1.139018,-81.869278,5.246861,10.358649
sh600760,2014-09-11,9.750000,9.900000,9.480000,9.600000,-0.021407,20805893.000000,201695110.000000,3311427740.000000,3311427740.000000,0.060317,47.092411,2014-06-30,2014-08-29,-563.611314,1.035471,-74.426616,4.769874,9.416954
sh600760,2014-09-10,9.790000,9.920000,9.600000,9.810000,0.006154,17929197.000000,175344621.000000,3383865230.000000,3383865230.000000,0.051978,48.122571,2014-06-30,2014-08-29,-575.940471,1.058122,-76.054719,4.874216,9.622952
sh600760,2014-09-09,9.770000,10.050000,9.650000,9.750000,-0.002047,26548766.000000,261451738.000000,3363168800.000000,3363168800.000000,0.076966,47.828236,2014-06-30,2014-08-29,-572.417812,1.051650,-75.589541,4.844404,9.564095
sh600760,2014-09-05,9.300000,9.980000,9.210000,9.770000,0.042689,34084874.000000,328705900.000000,3370067610.000000,3370067610.000000,0.098814,47.926341,2014-06-30,2014-08-29,-573.591955,1.053807,-75.744591,4.854341,9.583713
sh600760,2014-09-04,9.210000,9.690000,9.100000,9.370000,0.018478,41298941.000000,390232988.000000,3232091450.000000,3232091450.000000,0.119728,45.964177,2014-06-30,2014-08-29,-550.108378,1.010663,-72.643512,4.655598,9.191344
sh600760,2014-09-03,9.000000,9.230000,8.960000,9.200000,0.013216,30993470.000000,283661592.000000,3173451590.000000,3173451590.000000,0.089852,45.130260,2014-06-30,2014-08-29,-540.127895,0.992327,-71.325558,4.571133,9.024587
sh600760,2014-09-02,8.740000,9.250000,8.700000,9.080000,0.042480,31679494.000000,285690437.000000,3132058740.000000,3132058740.000000,0.091840,44.541598,2014-06-30,2014-08-29,-533.082674,0.979383,-70.395215,4.511508,8.906874
sh600760,2014-09-01,8.620000,8.840000,8.610000,8.710000,0.011614,11672228.000000,101670207.000000,3004430800.000000,3004430800.000000,0.033838,42.726573,2014-06-30,2014-08-29,-511.360097,0.939474,-67.526682,4.327669,8.543928
sh600760,2014-08-29,8.390000,8.680000,8.380000,8.610000,0.020142,8449213.000000,72442181.000000,2969936760.000000,2969936760.000000,0.024495,42.236044,2014-06-30,2014-08-29,-505.489344,0.928689,-66.751430,4.277985,8.445838
sh600760,2014-08-28,8.560000,8.650000,8.390000,8.440000,-0.014019,6716934.000000,57017647.000000,2911296890.000000,2911296890.000000,0.019473,41.402122,2014-03-31,2014-04-26,-815.941745,0.972217,43.551875,4.456529,8.279081
sh600760,2014-08-27,8.350000,8.750000,8.350000,8.560000,0.019048,10949735.000000,94399379.000000,2952689740.000000,2952689740.000000,0.031744,41.990791,2014-03-31,2014-04-26,-827.543072,0.986040,44.171109,4.519894,8.396795
sh600760,2014-08-26,8.640000,8.650000,8.340000,8.400000,-0.031142,12190029.000000,103406364.000000,2897499280.000000,2897499280.000000,0.035340,41.205901,2014-03-31,2014-04-26,-812.074673,0.967609,43.345465,4.435408,8.239843
sh600760,2014-08-25,8.890000,8.900000,8.650000,8.670000,-0.029115,13074018.000000,114366284.000000,2990633180.000000,2990633180.000000,0.037902,42.530382,2014-03-31,2014-04-26,-838.177187,0.998711,44.738718,4.577975,8.504696
sh600760,2014-08-22,8.920000,8.950000,8.680000,8.930000,0.001121,14234093.000000,125440358.000000,3080317680.000000,3080317680.000000,0.041265,43.805788,2014-03-31,2014-04-26,-863.312532,1.028660,46.080347,4.715260,8.759736
sh600760,2014-08-21,9.140000,9.140000,8.840000,8.920000,-0.018702,18423774.000000,165659227.000000,3076868280.000000,3076868280.000000,0.053411,43.756736,2014-03-31,2014-04-26,-862.345842,1.027508,46.028749,4.709980,8.749927
sh600760,2014-08-20,8.960000,9.270000,8.850000,9.090000,0.014509,23722260.000000,215108345.000000,3135508150.000000,3135508150.000000,0.068772,44.590671,2014-03-31,2014-04-26,-878.780800,1.047091,46.905985,4.799745,8.916687
sh600760,2014-08-19,8.880000,9.010000,8.820000,8.960000,0.011287,14171273.000000,126268642.000000,3090665890.000000,3090665890.000000,0.041083,43.952958,2014-03-31,2014-04-26,-866.212917,1.032116,46.235159,4.731102,8.789165
sh600760,2014-08-18,8.870000,8.890000,8.780000,8.860000,0.002262,10316768.000000,91110532.000000,3056171860.000000,3056171860.000000,0.029909,43.462398,2014-03-31,2014-04-26,-856.545093,1.020597,45.719127,4.678298,8.691069
sh600760,2014-08-15,8.780000,8.850000,8.720000,8.840000,0.003405,9282251.000000,81529813.000000,3049273050.000000,3049273050.000000,0.026910,43.364307,2014-03-31,2014-04-26,-854.611961,1.018293,45.615944,4.667739,8.671454
sh600760,2014-08-14,8.860000,9.080000,8.770000,8.810000,-0.012332,13464138.000000,119532108.000000,3038924840.000000,3038924840.000000,0.039033,43.217153,2014-03-31,2014-04-26,-851.711882,1.014838,45.461149,4.651900,8.642028
sh600760,2014-08-13,8.970000,8.970000,8.770000,8.920000,-0.014365,16744295.000000,148240209.000000,3076868280.000000,3076868280.000000,0.048543,43.756761,2014-03-31,2014-04-26,-862.346337,1.027509,46.028776,4.709983,8.749932
sh600760,2014-08-12,8.810000,9.250000,8.760000,9.050000,0.031927,32099606.000000,290807693.000000,3121710530.000000,3121710530.000000,0.093058,44.394488,2014-03-31,2014-04-26,-874.914483,1.042484,46.699615,4.778628,8.877457
sh600760,2014-08-11,8.720000,8.770000,8.700000,8.770000,0.006889,10917193.000000,95318651.000000,3025127220.000000,3025127220.000000,0.031650,43.020958,2014-03-31,2014-04-26,-847.845325,1.010231,45.254767,4.630781,8.602795
sh600760,2014-08-08,8.660000,8.780000,8.600000,8.710000,0.003456,12091240.000000,104928934.000000,3004430800.000000,3004430800.000000,0.035053,42.726614,2014-03-31,2014-04-26,-842.044481,1.003319,44.945139,4.599098,8.543936
sh600760,2014-08-07,8.890000,9.010000,8.660000,8.680000,-0.029083,16111388.000000,142029265.000000,2994082590.000000,2994082590.000000,0.046708,42.579460,2014-03-31,2014-04-26,-839.144398,0.999863,44.790344,4.583258,8.514510
sh600760,2014-08-06,8.700000,9.030000,8.660000,8.940000,0.022883,22795122.000000,202909296.000000,3083767090.000000,3083767090.000000,0.066084,43.854892,2014-03-31,2014-04-26,-864.280261,1.029813,46.132001,4.720546,8.769555
sh600760,2014-08-05,8.810000,8.850000,8.660000,8.740000,-0.007946,11907347.000000,104110498.000000,3014779010.000000,3014779010.000000,0.034520,42.873810,2014-03-31,2014-04-26,-844.945376,1.006775,45.099978,4.614942,8.573371
sh600760,2014-08-04,8.590000,8.900000,8.550000,8.810000,0.018497,14866036.000000,130482361.000000,3038924840.000000,3038924840.000000,0.043097,43.217214,2014-03-31,2014-04-26,-851.713088,1.014839,45.461213,4.651906,8.642040
sh600760,2014-08-01,8.820000,9.050000,8.610000,8.650000,-0.030269,27020282.000000,237863928.000000,2983734370.000000,2983734370.000000,0.078333,42.432343,2014-03-31,2014-04-26,-836.245063,0.996409,44.635589,4.567423,8.485092
sh600760,2014-07-31,8.810000,9.030000,8.710000,8.920000,0.003375,23026459.000000,204054631.000000,3076868280.000000,3076868280.000000,0.066755,43.756818,2014-03-31,2014-04-26,-862.347458,1.027510,46.028835,4.709989,8.749944
sh600760,2014-07-30,8.780000,9.100000,8.610000,8.890000,0.004520,44693169.000000,396812669.000000,3066520070.000000,3066520070.000000,0.129568,43.609636,2014-03-31,2014-04-26,-859.446825,1.024054,45.874011,4.694146,8.720512
sh600760,2014-07-29,8.370000,8.880000,8.320000,8.850000,0.054827,46293695.000000,401530863.000000,3052722450.000000,3052722450.000000,0.134208,43.413407,2014-03-31,2014-04-26,-855.579605,1.019446,45.667593,4.673024,8.681272
sh600760,2014-07-28,8.220000,8.420000,8.150000,8.390000,0.021924,18584353.000000,153876928.000000,2894049870.000000,2894049870.000000,0.053877,41.156898,2014-03-31,2014-04-26,-811.108936,0.966458,43.293917,4.430133,8.230044
sh600760,2014-07-25,8.160000,8.320000,8.100000,8.210000,-0.003641,11690050.000000,95852722.000000,2831960600.000000,2831960600.000000,0.033890,40.273932,2014-03-31,2014-04-26,-793.707688,0.945724,42.365105,4.335091,8.053479
sh600760,2014-07-24,8.450000,8.640000,8.080000,8.240000,-0.032864,21517795.000000,178323385.000000,2842308810.000000,2842308810.000000,0.062381,40.421106,2014-03-31,2014-04-26,-796.608139,0.949180,42.519920,4.350933,8.082909
sh600760,2014-07-23,8.330000,8.700000,8.270000,8.520000,0.021583,32037483.000000,273228306.000000,2938892120.000000,2938892120.000000,0.092878,41.794645,2014-03-31,2014-04-26,-823.677475,0.981434,43.964778,4.498781,8.357573
sh600760,2014-07-22,8.150000,8.500000,8.110000,8.340000,0.014599,17118084.000000,141935255.000000,2876802850.000000,2876802850.000000,0.049626,40.911649,2014-03-31,2014-04-26,-806.275628,0.960699,43.035934,4.403735,8.181002
sh600760,2014-07-21,8.320000,8.350000,8.120000,8.220000,-0.009639,11021198.000000,90342931.000000,2835410010.000000,2835410010.000000,0.031951,40.322974,2014-03-31,2014-04-26,-794.674180,0.946876,42.416693,4.340370,8.063286
sh600760,2014-07-18,8.200000,8.430000,8.160000,8.300000,0.012195,11884421.000000,98719754.000000,2863005240.000000,2863005240.000000,0.034454,40.715430,2014-03-31,2014-04-26,-802.408596,0.956091,42.829526,4.382614,8.141765
sh600760,2014-07-17,8.170000,8.290000,8.090000,8.200000,0.001221,10829167.000000,88484603.000000,2828511200.000000,2828511200.000000,0.031394,40.224887,2014-03-31,2014-04-26,-792.741118,0.944572,42.313513,4.329812,8.043672
sh600760,2014-07-16,8.400000,8.520000,8.090000,8.190000,-0.036471,25456534.000000,210482121.000000,2825061790.000000,2825061790.000000,0.073800,40.175832,2014-03-31,2014-04-26,-791.774362,0.943421,42.261911,4.324531,8.033863
sh600760,2014-07-15,8.190000,8.980000,8.150000,8.500000,0.035323,45580158.000000,391540780.000000,2931993320.000000,2931993320.000000,0.132139,41.696547,2014-03-31,2014-04-26,-821.744194,0.979130,43.861587,4.488221,8.337956
sh600760,2014-07-14,8.120000,8.310000,8.070000,8.210000,0.006127,15804470.000000,129344070.000000,2831960600.000000,2831960600.000000,0.045818,40.273950,2014-03-31,2014-04-26,-793.708045,0.945725,42.365124,4.335093,8.053483
sh600760,2014-07-11,8.010000,8.290000,8.000000,8.160000,0.009901,18396539.000000,150084424.000000,2814713580.000000,2814713580.000000,0.053333,40.028695,2014-03-31,2014-04-26,-788.874610,0.939965,42.107134,4.308694,8.004440
sh600760,2014-07-10,8.180000,8.410000,8.030000,8.080000,-0.030012,27635081.000000,225817011.000000,2787118350.000000,2787118350.000000,0.080116,39.636256,2014-03-31,2014-04-26,-781.140538,0.930750,41.694318,4.266451,7.925965
sh600760,2014-07-09,8.180000,8.850000,8.080000,8.330000,0.012151,47916390.000000,406600342.000000,2873353450.000000,2873353450.000000,0.138912,40.862625,2014-03-31,2014-04-26,-805.309486,0.959548,42.984365,4.398458,8.171199
sh600760,2014-07-08,8.280000,8.330000,8.080000,8.230000,-0.010817,18175049.000000,148518314.000000,2838859410.000000,2838859410.000000,0.052690,40.372064,2014-03-31,2014-04-26,-795.641645,0.948028,42.468332,4.345654,8.073103
sh600760,2014-07-07,8.090000,8.430000,8.010000,8.320000,0.022113,26387112.000000,218715537.000000,2869904040.000000,2869904040.000000,0.076498,40.813544,2014-03-31,2014-04-26,-804.342214,0.958395,42.932736,4.393175,8.161384
sh600760,2014-07-04,8.130000,8.490000,8.000000,8.140000,0.000000,26698388.000000,220750334.000000,2807814770.000000,2807814770.000000,0.077400,39.930560,2014-03-31,2014-04-26,-786.940597,0.937661,42.003903,4.298130,7.984816
sh600760,2014-07-03,8.190000,8.200000,8.010000,8.140000,-0.018094,21738606.000000,175969788.000000,2807814770.000000,2807814770.000000,0.063021,39.930560,2014-03-31,2014-04-26,-786.940597,0.937661,42.003903,4.298130,7.984816
sh600760,2014-07-02,8.010000,8.530000,8.010000,8.290000,0.042767,37628247.000000,311578991.000000,2859555830.000000,2859555830.000000,0.109086,40.666377,2014-03-31,2014-04-26,-801.441886,0.954940,42.777927,4.377334,8.131956
sh600760,2014-07-01,8.010000,8.250000,7.880000,7.950000,-0.008728,24844484.000000,199354474.000000,2742276100.000000,2742276100.000000,0.072025,38.998527,2014-03-31,2014-04-26,-768.572353,0.915775,41.023476,4.197806,7.798440
sh600760,2014-06-30,7.470000,8.200000,7.430000,8.020000,0.073628,34916948.000000,277943314.000000,2766421930.000000,2766421930.000000,0.101226,39.341903,2014-03-31,2014-04-26,-775.339516,0.923838,41.384682,4.234767,7.867104
sh600760,2014-06-27,7.320000,7.570000,7.300000,7.470000,0.013569,16474065.000000,122807772.000000,2576704710.000000,2576704710.000000,0.047759,36.643887,2014-03-31,2014-04-26,-722.167749,0.860482,38.546574,3.944352,7.327588
sh600760,2014-06-26,7.300000,7.420000,7.230000,7.370000,0.010974,9496598.000000,69757201.000000,2542210670.000000,2542210670.000000,0.027531,36.153323,2014-03-31,2014-04-26,-712.499839,0.848963,38.030538,3.891548,7.229491
sh600760,2014-06-25,7.450000,7.480000,7.260000,7.290000,-0.024096,9843286.000000,72360722.000000,2514615440.000000,2514615440.000000,0.028536,35.760883,2014-03-31,2014-04-26,-704.765739,0.839747,37.617721,3.849306,7.151016
sh600760,2014-06-24,7.280000,7.550000,7.240000,7.470000,0.020492,14009527.000000,103861529.000000,2576704710.000000,2576704710.000000,0.040614,36.643853,2014-03-31,2014-04-26,-722.167077,0.860482,38.546539,3.944349,7.327581
sh600760,2014-06-23,7.300000,7.560000,7.300000,7.320000,0.012448,12038063.000000,89220799.000000,2524963650.000000,2524963650.000000,0.034899,35.908026,2014-03-31,2014-04-26,-707.665594,0.843203,37.772504,3.865144,7.180440
sh600760,2014-06-20,7.170000,7.300000,7.100000,7.230000,-0.002759,9807501.000000,70562985.000000,2493919020.000000,2493919020.000000,0.028432,35.466538,2014-03-31,2014-04-26,-698.964879,0.832836,37.308093,3.817622,7.092157
sh600760,2014-06-19,7.700000,7.790000,7.010000,7.250000,-0.055990,20054755.000000,148517641.000000,2500817830.000000,2500817830.000000,0.058140,35.564661,2014-03-31,2014-04-26,-700.898659,0.835140,37.411311,3.828184,7.111778
sh600760,2014-06-18,8.080000,8.080000,7.640000,7.680000,-0.050680,26399391.000000,206280891.000000,2649142200.000000,2649142200.000000,0.076533,37.674030,2014-03-31,2014-04-26,-742.469527,0.884672,39.630206,4.055237,7.533583
sh600760,2014-06-17,7.970000,8.250000,7.800000,8.090000,0.011250,27089613.000000,218681913.000000,2790567760.000000,2790567760.000000,0.078534,39.685280,2014-03-31,2014-04-26,-782.106695,0.931901,41.745888,4.271728,7.935768
sh600760,2014-06-16,8.060000,8.080000,7.930000,8.000000,-0.008674,18497142.000000,147923188.000000,2759523120.000000,2759523120.000000,0.053624,39.243788,2014-03-31,2014-04-26,-773.405879,0.921534,41.281471,4.224206,7.847484
sh600760,2014-06-13,8.040000,8.140000,7.910000,8.070000,0.002484,23144242.000000,185999058.000000,2783668950.000000,2783668950.000000,0.067096,39.587167,2014-03-31,2014-04-26,-780.173100,0.929597,41.642680,4.261167,7.916149
sh600760,2014-06-12,8.070000,8.360000,8.010000,8.050000,-0.015892,31895860.000000,260256203.000000,2776770140.000000,2776770140.000000,0.092468,39.489076,2014-03-31,2014-04-26,-778.239952,0.927294,41.539496,4.250609,7.896534
sh600760,2014-06-11,8.180000,8.430000,8.080000,8.180000,-0.015644,31818460.000000,261560876.000000,2821612390.000000,2821612390.000000,0.092243,40.126771,2014-03-31,2014-04-26,-790.807464,0.942268,42.210302,4.319250,8.024052
sh600760,2014-06-10,8.120000,8.880000,8.000000,8.310000,0.014652,56587100.000000,476586352.000000,2866454640.000000,2866454640.000000,0.164049,40.764490,2014-03-31,2014-04-26,-803.375470,0.957244,42.881134,4.387895,8.151575
sh600760,2014-06-09,7.990000,8.250000,7.920000,8.190000,0.009864,28841052.000000,233655635.000000,2825061790.000000,2825061790.000000,0.083612,40.175834,2014-03-31,2014-04-26,-791.774392,0.943421,42.261913,4.324532,8.033863
sh600760,2014-06-06,7.760000,8.330000,7.650000,8.110000,0.033121,45330249.000000,365313169.000000,2797466560.000000,2797466560.000000,0.131415,39.783410,2014-03-31,2014-04-26,-784.040615,0.934206,41.849113,4.282291,7.955391
sh600760,2014-06-05,7.690000,8.090000,7.620000,7.850000,0.012903,29370281.000000,231894355.000000,2707782060.000000,2707782060.000000,0.085146,38.507987,2014-03-31,2014-04-26,-758.904925,0.904256,40.507465,4.145004,7.700348
sh600760,2014-06-04,7.550000,7.890000,7.390000,7.750000,0.011749,28480197.000000,217050818.000000,2673288020.000000,2673288020.000000,0.082566,38.017448,2014-03-31,2014-04-26,-749.237513,0.892737,39.991456,4.092203,7.602256
sh600760,2014-06-03,7.760000,7.830000,7.600000,7.660000,-0.022959,25046795.000000,192793847.000000,2642243390.000000,2642243390.000000,0.072612,37.575968,2014-03-31,2014-04-26,-740.536945,0.882370,39.527052,4.044682,7.513974
sh600760,2014-05-30,7.320000,7.970000,7.220000,7.840000,0.071038,47456317.000000,361048284.000000,2704332660.000000,2704332660.000000,0.137578,38.458947,2014-03-31,2014-04-26,-757.938454,0.903104,40.455879,4.139726,7.690541
sh600760,2014-05-29,7.670000,7.700000,7.210000,7.320000,-0.057915,40893793.000000,303580654.000000,2524963650.000000,2524963650.000000,0.118553,35.908107,2014-03-31,2014-04-26,-707.667192,0.843205,37.772590,3.865153,7.180456
sh600760,2014-05-28,7.650000,7.870000,7.600000,7.770000,0.011719,32621029.000000,253334805.000000,2680186830.000000,2680186830.000000,0.094570,38.115570,2014-03-31,2014-04-26,-751.171276,0.895041,40.094673,4.102765,7.621877
sh600760,2014-05-27,7.810000,7.850000,7.640000,7.680000,-0.031526,31160612.000000,240817758.000000,2649142200.000000,2649142200.000000,0.090336,37.674068,2014-03-31,2014-04-26,-742.470267,0.884673,39.630246,4.055241,7.533591
sh600760,2014-05-26,7.900000,8.050000,7.600000,7.930000,-0.020988,42314907.000000,329660642.000000,2735377290.000000,2735377290.000000,0.122673,38.900443,2014-03-31,2014-04-26,-766.639339,0.913471,40.920299,4.187248,7.778826
sh600760,2014-05-23,8.080000,8.170000,7.900000,8.100000,-0.007353,33951383.000000,272564213.000000,2794017160.000000,2794017160.000000,0.098427,39.734389,2014-03-31,2014-04-26,-783.074507,0.933054,41.797546,4.277014,7.945588
sh600760,2014-05-22,7.780000,8.540000,7.650000,8.160000,0.042146,65219859.000000,531115412.000000,2814713580.000000,2814713580.000000,0.189076,40.028720,2014-03-31,2014-04-26,-788.875105,0.939966,42.107160,4.308696,8.004445
sh600760,2014-05-21,7.910000,7.910000,7.640000,7.830000,-0.010114,45697700.000000,355035425.000000,2700883250.000000,2700883250.000000,0.132480,38.409896,2014-03-31,2014-04-26,-756.971773,0.901952,40.404281,4.134446,7.680733
sh600760,2014-05-20,7.100000,7.910000,7.020000,7.910000,0.100139,71793704.000000,553779094.000000,2728478480.000000,2728478480.000000,0.208134,38.802343,2014-03-31,2014-04-26,-764.706010,0.911168,40.817105,4.176689,7.759209
sh600760,2014-05-19,7.180000,7.560000,7.010000,7.190000,0.012676,51749680.000000,377031789.000000,2480121400.000000,2480121400.000000,0.150025,35.270400,2014-03-31,2014-04-26,-695.099446,0.828230,37.101771,3.796510,7.052935
sh600760,2014-05-16,6.600000,7.270000,6.560000,7.100000,0.074130,41460490.000000,289530082.000000,2449076770.000000,2449076770.000000,0.120196,34.828909,2014-03-31,2014-04-26,-686.398657,0.817863,36.637356,3.748988,6.964651
sh600760,2014-05-15,6.730000,7.100000,6.550000,6.610000,-0.023634,24137454.000000,165068217.000000,2280055980.000000,2280055980.000000,0.069976,32.425227,2014-03-31,2014-04-26,-639.027545,0.761419,34.108866,3.490255,6.483993
sh600760,2014-05-14,6.950000,6.990000,6.750000,6.770000,-0.035613,21398808.000000,147010945.000000,2335246440.000000,2335246440.000000,0.062036,33.210115,2014-03-31,2014-04-26,-654.495901,0.779850,34.934508,3.574741,6.640945
sh600760,2014-05-13,6.660000,7.180000,6.510000,7.020000,0.040000,34544581.000000,237393331.000000,2421481540.000000,2421481540.000000,0.100147,34.436502,2014-03-31,2014-04-26,-678.665205,0.808648,36.224574,3.706749,6.886183
sh600760,2014-05-12,6.650000,6.830000,6.510000,6.750000,0.011994,23963091.000000,160159346.000000,2328347630.000000,2328347630.000000,0.069470,33.112021,2014-03-31,2014-04-26,-652.562697,0.777546,34.831321,3.564182,6.621330
sh600760,2014-05-09,6.850000,6.920000,6.640000,6.670000,-0.036127,24929971.000000,168420453.000000,2300752400.000000,2300752400.000000,0.072273,32.719583,2014-03-31,2014-04-26,-644.828623,0.768331,34.418505,3.521940,6.542855
sh600760,2014-05-08,6.480000,7.150000,6.420000,6.920000,0.043741,43570592.000000,295802582.000000,2386987500.000000,2386987500.000000,0.126313,33.945948,2014-03-31,2014-04-26,-668.997495,0.797129,35.708548,3.653946,6.788088
sh600760,2014-05-07,6.140000,6.800000,6.090000,6.630000,0.072816,41908392.000000,276860429.000000,2286954790.000000,2286954790.000000,0.121495,32.523344,2014-03-31,2014-04-26,-640.961211,0.763723,34.212077,3.500817,6.503613
sh600760,2014-05-06,6.280000,6.380000,6.130000,6.180000,-0.015924,16060201.000000,100218449.000000,2131731610.000000,2131731610.000000,0.046559,30.315864,2014-03-31,2014-04-26,-597.456797,0.711886,31.889977,3.263203,6.062189
sh600760,2014-05-05,6.240000,6.440000,6.030000,6.280000,0.003195,21080348.000000,131906035.000000,2166225650.000000,2166225650.000000,0.061113,30.806426,2014-03-31,2014-04-26,-607.124650,0.723405,32.406010,3.316007,6.160285
sh600760,2014-04-30,5.800000,6.390000,5.800000,6.260000,0.039867,26650606.000000,162836993.000000,2159326840.000000,2159326840.000000,0.077261,30.708313,2014-03-31,2014-04-26,-605.191064,0.721101,32.302803,3.305446,6.140666
sh600760,2014-04-29,5.730000,6.040000,5.510000,6.020000,0.025554,22663412.000000,130123404.000000,2076541150.000000,2076541150.000000,0.065702,29.531000,2014-03-31,2014-04-26,-581.988912,0.693455,31.064360,3.178720,5.905242
sh600760,2014-04-28,6.250000,6.300000,5.850000,5.870000,-0.096923,29241648.000000,177387931.000000,2024800090.000000,2024800090.000000,0.084773,28.795169,2014-03-31,2014-04-26,-567.487341,0.676176,30.290321,3.099515,5.758099
sh600760,2014-04-25,6.370000,6.840000,6.340000,6.500000,0.025237,56508159.000000,370710671.000000,2242112540.000000,2242112540.000000,0.163820,31.885618,2013-12-31,2014-03-01,126.809688,0.703460,31.484064,2.993190,6.376089
sh600760,2014-04-24,5.900000,6.340000,5.900000,6.340000,0.100694,21979348.000000,136701327.000000,2186922070.000000,2186922070.000000,0.063719,31.100729,2013-12-31,2014-03-01,123.688169,0.686144,30.709060,2.919510,6.219137
sh600760,2014-04-23,5.690000,5.840000,5.690000,5.760000,0.010526,6335150.000000,36504278.000000,1986856650.000000,1986856650.000000,0.018366,28.255564,2013-12-31,2014-03-01,112.372893,0.623374,27.899725,2.652427,5.650196
sh600760,2014-04-22,5.660000,5.730000,5.570000,5.700000,0.003521,6577782.000000,37137214.000000,1966160220.000000,1966160220.000000,0.019069,27.961244,2013-12-31,2014-03-01,111.202377,0.616880,27.609111,2.624798,5.591341
sh600760,2014-04-21,5.830000,5.870000,5.650000,5.680000,-0.037288,8364507.000000,48294926.000000,1959261420.000000,1959261420.000000,0.024249,27.863137,2013-12-31,2014-03-01,110.812207,0.614716,27.512241,2.615589,5.571723
sh600760,2014-04-18,5.880000,5.940000,5.850000,5.900000,-0.003378,3567234.000000,21038116.000000,2035148300.000000,2035148300.000000,0.010342,28.942339,2013-12-31,2014-03-01,115.104213,0.638525,28.577852,2.716896,5.787529
sh600760,2014-04-17,5.960000,5.990000,5.870000,5.920000,-0.006711,5849599.000000,34663561.000000,2042047110.000000,2042047110.000000,0.016958,29.040438,2013-12-31,2014-03-01,115.494353,0.640689,28.674715,2.726105,5.807145
sh600760,2014-04-16,5.970000,6.020000,5.880000,5.960000,0.001681,5015555.000000,29785198.000000,2055844720.000000,2055844720.000000,0.014540,29.236645,2013-12-31,2014-03-01,116.274672,0.645018,28.868451,2.744523,5.846380
sh600760,2014-04-15,6.070000,6.150000,5.920000,5.950000,-0.016529,8777948.000000,53040355.000000,2052395320.000000,2052395320.000000,0.025448,29.187581,2013-12-31,2014-03-01,116.079543,0.643936,28.820004,2.739918,5.836569
sh600760,2014-04-14,5.830000,6.060000,5.830000,6.050000,0.030664,10382060.000000,62015101.000000,2086889360.000000,2086889360.000000,0.030098,29.678131,2013-12-31,2014-03-01,118.030468,0.654758,29.304376,2.785967,5.934663
sh600760,2014-04-11,6.020000,6.040000,5.820000,5.870000,-0.034539,11658962.000000,68822146.000000,2024800090.000000,2024800090.000000,0.033800,28.795156,2013-12-31,2014-03-01,114.518862,0.635278,28.432522,2.703080,5.758097
sh600760,2014-04-10,6.110000,6.140000,6.040000,6.080000,-0.009772,11219441.000000,68302466.000000,2097237570.000000,2097237570.000000,0.032526,29.825292,2013-12-31,2014-03-01,118.615731,0.658005,29.449684,2.799781,5.964090
sh600760,2014-04-09,6.110000,6.240000,6.020000,6.140000,0.001631,12447608.000000,76146784.000000,2117933990.000000,2117933990.000000,0.036086,30.119621,2013-12-31,2014-03-01,119.786282,0.664498,29.740307,2.827411,6.022947
sh600760,2014-04-08,6.010000,6.180000,5.950000,6.130000,0.016584,13536544.000000,82176476.000000,2114484590.000000,2114484590.000000,0.039243,30.070576,2013-12-31,2014-03-01,119.591229,0.663416,29.691879,2.822807,6.013139
sh600760,2014-04-04,5.860000,6.130000,5.850000,6.030000,0.011745,14577436.000000,87689319.000000,2079990550.000000,2079990550.000000,0.042261,29.580020,2013-12-31,2014-03-01,117.640282,0.652594,29.207502,2.776757,5.915044
sh600760,2014-04-03,5.870000,6.010000,5.760000,5.960000,0.015332,12281551.000000,72691120.000000,2055844720.000000,2055844720.000000,0.035605,29.236636,2013-12-31,2014-03-01,116.274637,0.645018,28.868442,2.744523,5.846378
sh600760,2014-04-02,6.010000,6.030000,5.840000,5.870000,-0.020033,11801134.000000,69757338.000000,2024800090.000000,2024800090.000000,0.034212,28.795149,2013-12-31,2014-03-01,114.518834,0.635278,28.432515,2.703079,5.758095
sh600760,2014-04-01,5.940000,6.090000,5.850000,5.990000,0.001672,10302424.000000,61395864.000000,2066192940.000000,2066192940.000000,0.029867,29.383795,2013-12-31,2014-03-01,116.859888,0.648265,29.013747,2.758337,5.875805
sh600760,2014-03-31,5.910000,6.070000,5.850000,5.980000,0.013559,11180319.000000,66592237.000000,2062743530.000000,2062743530.000000,0.032412,29.334747,2013-12-31,2014-03-01,116.664825,0.647182,28.965317,2.753733,5.865997
sh600760,2014-03-28,6.310000,6.330000,5.890000,5.900000,-0.060510,20801772.000000,126350463.000000,2035148300.000000,2035148300.000000,0.060305,28.942318,2013-12-31,2014-03-01,115.104128,0.638525,28.577830,2.716894,5.787524
sh600760,2014-03-27,6.530000,6.580000,6.250000,6.280000,-0.047041,23245084.000000,148259233.000000,2166225650.000000,2166225650.000000,0.067389,30.806414,2013-12-31,2014-03-01,122.517672,0.679650,30.418451,2.891882,6.160283
sh600760,2014-03-26,6.530000,6.800000,6.440000,6.590000,0.001520,22436401.000000,148561360.000000,2273157170.000000,2273157170.000000,0.065044,32.327114,2013-12-31,2014-03-01,128.565523,0.713200,31.919999,3.034634,6.464374
sh600760,2014-03-25,6.830000,6.830000,6.530000,6.580000,-0.051873,27466464.000000,182993226.000000,2269707770.000000,2269707770.000000,0.079627,32.278051,2013-12-31,2014-03-01,128.370400,0.712118,31.871555,3.030029,6.454563
sh600760,2014-03-24,6.850000,7.130000,6.640000,6.940000,0.025111,36181229.000000,248718776.000000,2393886310.000000,2393886310.000000,0.104891,34.044016,2013-12-31,2014-03-01,135.393676,0.751078,33.615280,3.195804,6.807698
sh600760,2014-03-21,6.610000,6.850000,6.420000,6.770000,-0.015988,33310510.000000,221631520.000000,2335246440.000000,2335246440.000000,0.096569,33.210078,2013-12-31,2014-03-01,132.077088,0.732680,32.791844,3.117520,6.640938
sh600760,2014-03-20,6.750000,7.390000,6.750000,6.880000,-0.008646,53563655.000000,378430187.000000,2373189880.000000,2373189880.000000,0.155284,33.749668,2013-12-31,2014-03-01,134.223046,0.744584,33.324638,3.168173,6.748838
sh600760,2014-03-19,7.170000,7.170000,6.660000,6.940000,0.000000,65130085.000000,450257243.000000,2393886310.000000,2393886310.000000,0.188815,34.044012,2013-12-31,2014-03-01,135.393660,0.751078,33.615276,3.195804,6.807698
sh600760,2014-03-18,6.700000,6.940000,6.550000,6.940000,0.099842,35002469.000000,236645444.000000,2393886310.000000,2393886310.000000,0.101474,34.044012,2013-12-31,2014-03-01,135.393660,0.751078,33.615276,3.195804,6.807698
sh600760,2014-03-17,5.600000,6.310000,5.600000,6.310000,0.099303,23022053.000000,141289576.000000,2176573860.000000,2176573860.000000,0.066742,30.953548,2013-12-31,2014-03-01,123.102827,0.682896,30.563732,2.905694,6.189705
sh600760,2014-03-14,5.640000,5.960000,5.540000,5.740000,-0.015437,30215014.000000,173194117.000000,1979957840.000000,1979957840.000000,0.087595,28.157431,2013-12-31,2014-03-01,111.982618,0.621209,27.802828,2.643215,5.630572
sh600760,2014-03-13,6.100000,6.210000,5.650000,5.830000,-0.068690,54519514.000000,324773141.000000,2011002470.000000,2011002470.000000,0.158055,28.598912,2013-12-31,2014-03-01,113.738397,0.630949,28.238749,2.684658,5.718854
sh600760,2014-03-12,5.860000,6.260000,5.690000,6.260000,0.100176,68991093.000000,415750470.000000,2159326840.000000,2159326840.000000,0.200009,30.708263,2013-12-31,2014-03-01,122.127323,0.677485,30.321536,2.882668,6.140656
sh600760,2014-03-11,6.300000,6.350000,5.610000,5.690000,-0.059504,59684713.000000,359082042.000000,1962710820.000000,1962710820.000000,0.173029,27.912137,2013-12-31,2014-03-01,111.007078,0.615797,27.560623,2.620188,5.581521
sh600760,2014-03-10,6.050000,6.050000,6.050000,6.050000,0.100000,11607845.000000,70227462.000000,2086889360.000000,2086889360.000000,0.033652,29.678102,2013-12-31,2014-03-01,118.030356,0.654758,29.304349,2.785964,5.934657
sh600760,2014-03-07,5.500000,5.500000,5.500000,5.500000,0.100000,1008101.000000,5544556.000000,1897172150.000000,1897172150.000000,0.002923,26.980093,2013-12-31,2014-03-01,107.300324,0.595234,26.640317,2.532695,5.395143
sh600760,2014-02-28,5.120000,5.150000,4.880000,5.000000,-0.017682,6881824.000000,34230929.000000,1724701950.000000,1724701950.000000,0.019951,24.527357,2013-09-30,2013-10-30,-91.254513,0.581099,41.922889,2.566645,4.904675
sh600760,2014-02-27,5.130000,5.210000,5.060000,5.090000,0.001969,3680418.000000,18934737.000000,1755746590.000000,1755746590.000000,0.010670,24.968857,2013-09-30,2013-10-30,-92.897120,0.591559,42.677513,2.612845,4.992961
sh600760,2014-02-26,5.010000,5.110000,4.960000,5.080000,0.005941,2251289.000000,11344308.000000,1752297180.000000,1752297180.000000,0.006527,24.919790,2013-09-30,2013-10-30,-92.714565,0.590396,42.593646,2.607711,4.983149
sh600760,2014-02-25,5.200000,5.220000,4.970000,5.050000,-0.026975,4557638.000000,23259725.000000,1741948970.000000,1741948970.000000,0.013213,24.772616,2013-09-30,2013-10-30,-92.167000,0.586909,42.342092,2.592310,4.953719
sh600760,2014-02-24,5.380000,5.380000,5.140000,5.190000,-0.040665,5937924.000000,30889894.000000,1790240620.000000,1790240620.000000,0.017214,25.459382,2013-09-30,2013-10-30,-94.722130,0.603180,43.515934,2.664176,5.091050
sh600760,2014-02-21,5.390000,5.430000,5.330000,5.410000,0.007449,3177766.000000,17073828.000000,1866127510.000000,1866127510.000000,0.009213,26.538573,2013-09-30,2013-10-30,-98.737281,0.628748,45.360520,2.777107,5.306853
sh600760,2014-02-20,5.390000,5.420000,5.320000,5.370000,-0.001859,3768545.000000,20212645.000000,1852329890.000000,1852329890.000000,0.010925,26.342349,2013-09-30,2013-10-30,-98.007226,0.624099,45.025128,2.756573,5.267615
sh600760,2014-02-19,5.350000,5.470000,5.330000,5.380000,0.005607,4468892.000000,24112218.000000,1855779300.000000,1855779300.000000,0.012956,26.391411,2013-09-30,2013-10-30,-98.189760,0.625262,45.108985,2.761708,5.277426
sh600760,2014-02-18,5.230000,5.480000,5.200000,5.350000,0.024904,7397277.000000,39622132.000000,1845431090.000000,1845431090.000000,0.021445,26.244259,2013-09-30,2013-10-30,-97.642280,0.621775,44.857469,2.746309,5.248000
sh600760,2014-02-17,5.180000,5.280000,5.150000,5.220000,0.009671,5406582.000000,28067103.000000,1800588840.000000,1800588840.000000,0.015674,25.606554,2013-09-30,2013-10-30,-95.269684,0.606667,43.767484,2.679577,5.120480
sh600760,2014-02-14,5.100000,5.190000,5.100000,5.170000,0.009766,2058127.000000,10590405.000000,1783341820.000000,1783341820.000000,0.005967,25.361285,2013-09-30,2013-10-30,-94.357156,0.600856,43.348263,2.653911,5.071434
sh600760,2014-02-13,5.180000,5.220000,5.110000,5.120000,-0.015385,2257292.000000,11646682.000000,1766094800.000000,1766094800.000000,0.006544,25.116002,2013-09-30,2013-10-30,-93.444576,0.595045,42.929018,2.628243,5.022385
sh600760,2014-02-12,5.150000,5.240000,5.130000,5.200000,0.007752,1897723.000000,9843642.000000,1793690030.000000,1793690030.000000,0.005502,25.508449,2013-09-30,2013-10-30,-94.904685,0.604343,43.599801,2.669311,5.100862
sh600760,2014-02-11,5.180000,5.200000,5.120000,5.160000,-0.001934,1824696.000000,9398845.000000,1779892410.000000,1779892410.000000,0.005290,25.312229,2013-09-30,2013-10-30,-94.174643,0.599694,43.264415,2.648777,5.061624
sh600760,2014-02-10,5.050000,5.220000,5.040000,5.170000,0.025794,2983363.000000,15317055.000000,1783341820.000000,1783341820.000000,0.008649,25.361278,2013-09-30,2013-10-30,-94.357130,0.600856,43.348251,2.653910,5.071432
sh600760,2014-02-07,4.940000,5.050000,4.910000,5.040000,0.018182,2274376.000000,11360285.000000,1738499570.000000,1738499570.000000,0.006594,24.723558,2013-09-30,2013-10-30,-91.984482,0.585747,42.258242,2.587176,4.943909
sh600760,2014-01-30,4.930000,4.990000,4.900000,4.950000,0.004057,1413674.000000,6999159.000000,1707454930.000000,1707454930.000000,0.004098,24.282062,2013-09-30,2013-10-30,-90.341886,0.575287,41.503623,2.540976,4.855624
sh600760,2014-01-29,4.930000,4.940000,4.900000,4.930000,0.000000,1016314.000000,5002676.000000,1700556120.000000,1700556120.000000,0.002946,24.183948,2013-09-30,2013-10-30,-89.976850,0.572963,41.335923,2.530709,4.836005
sh600760,2014-01-28,4.870000,4.950000,4.870000,4.930000,0.010246,1337298.000000,6574632.000000,1700556120.000000,1700556120.000000,0.003877,24.183948,2013-09-30,2013-10-30,-89.976850,0.572963,41.335923,2.530709,4.836005
sh600760,2014-01-27,4.850000,4.910000,4.850000,4.880000,0.000000,1399778.000000,6824406.000000,1683309100.000000,1683309100.000000,0.004058,23.938672,2013-09-30,2013-10-30,-89.064297,0.567152,40.916691,2.505043,4.786957
sh600760,2014-01-24,4.960000,4.960000,4.850000,4.880000,-0.012146,2686514.000000,13128532.000000,1683309100.000000,1683309100.000000,0.007788,23.938672,2013-09-30,2013-10-30,-89.064297,0.567152,40.916691,2.505043,4.786957
sh600760,2014-01-23,4.960000,4.980000,4.900000,4.940000,-0.006036,2314970.000000,11412275.000000,1704005530.000000,1704005530.000000,0.006711,24.233006,2013-09-30,2013-10-30,-90.159373,0.574125,41.419775,2.535843,4.845815
sh600760,2014-01-22,4.930000,4.970000,4.900000,4.970000,0.012220,1559944.000000,7700563.000000,1714353740.000000,1714353740.000000,0.004522,24.380165,2013-09-30,2013-10-30,-90.706879,0.577611,41.671303,2.551242,4.875242
sh600760,2014-01-21,4.780000,4.920000,4.780000,4.910000,0.022917,1171453.000000,5701786.000000,1693657310.000000,1693657310.000000,0.003396,24.085836,2013-09-30,2013-10-30,-89.611823,0.570638,41.168228,2.520442,4.816385
sh600760,2014-01-20,4.710000,4.900000,4.690000,4.800000,0.016949,1832676.000000,8814938.000000,1655713870.000000,1655713870.000000,0.005313,23.546227,2013-09-30,2013-10-30,-87.604197,0.557854,40.245912,2.463976,4.708481
sh600760,2014-01-17,4.690000,4.720000,4.640000,4.720000,0.006397,1042770.000000,4882935.000000,1628118640.000000,1628118640.000000,0.003023,23.153793,2013-09-30,2013-10-30,-86.144140,0.548556,39.575153,2.422910,4.630007
sh600760,2014-01-16,4.730000,4.730000,4.660000,4.690000,-0.006356,1139999.000000,5342045.000000,1617770430.000000,1617770430.000000,0.003305,23.006620,2013-09-30,2013-10-30,-85.596579,0.545070,39.323600,2.407509,4.600577
sh600760,2014-01-15,4.710000,4.730000,4.620000,4.720000,0.008547,907301.000000,4249475.000000,1628118640.000000,1628118640.000000,0.002630,23.153785,2013-09-30,2013-10-30,-86.144111,0.548556,39.575139,2.422909,4.630006
sh600760,2014-01-14,4.640000,4.690000,4.560000,4.680000,0.021834,877814.000000,4067030.000000,1614321030.000000,1614321030.000000,0.002545,22.957567,2013-09-30,2013-10-30,-85.414077,0.543908,39.239757,2.402376,4.590768
sh600760,2014-01-13,4.720000,4.780000,4.510000,4.580000,-0.031712,1810242.000000,8439630.000000,1579826990.000000,1579826990.000000,0.005248,22.467022,2013-09-30,2013-10-30,-83.588995,0.532286,38.401303,2.351043,4.492675
sh600760,2014-01-10,4.850000,4.850000,4.700000,4.730000,-0.024742,1271856.000000,6057406.000000,1631568040.000000,1631568040.000000,0.003687,23.202830,2013-09-30,2013-10-30,-86.326583,0.549718,39.658968,2.428041,4.639813
sh600760,2014-01-09,4.880000,4.970000,4.800000,4.850000,-0.014228,1633953.000000,7971169.000000,1672960890.000000,1672960890.000000,0.004737,23.791479,2013-09-30,2013-10-30,-88.516663,0.563664,40.665104,2.489640,4.757524
sh600760,2014-01-08,4.980000,4.990000,4.880000,4.920000,-0.012048,1045293.000000,5143048.000000,1697106720.000000,1697106720.000000,0.003030,24.134870,2013-09-30,2013-10-30,-89.794255,0.571800,41.252038,2.525574,4.826191
sh600760,2014-01-07,4.890000,4.980000,4.880000,4.980000,0.014257,1133638.000000,5593928.000000,1717803140.000000,1717803140.000000,0.003286,24.429193,2013-09-30,2013-10-30,-90.889290,0.578773,41.755104,2.556373,4.885046
sh600760,2014-01-06,5.020000,5.030000,4.800000,4.910000,-0.025794,1577809.000000,7756381.000000,1693657310.000000,1693657310.000000,0.004574,24.085802,2013-09-30,2013-10-30,-89.611696,0.570637,41.168169,2.520439,4.816379
sh600760,2014-01-03,5.080000,5.090000,5.010000,5.040000,-0.005917,1739459.000000,8751730.000000,1738499570.000000,1738499570.000000,0.005043,24.723520,2013-09-30,2013-10-30,-91.984340,0.585746,42.258177,2.587172,4.943902
sh600760,2014-01-02,5.030000,5.150000,5.030000,5.070000,0.007952,1985013.000000,10122062.000000,1748847780.000000,1748847780.000000,0.005755,24.870680,2013-09-30,2013-10-30,-92.531851,0.589233,42.509706,2.602572,4.973329
sh600760,2013-12-31,5.080000,5.100000,4.980000,5.030000,-0.001984,1688248.000000,8507603.000000,1735050160.000000,1735050160.000000,0.004894,24.674468,2013-09-30,2013-10-30,-91.801842,0.584584,42.174336,2.582039,4.934093
sh600760,2013-12-30,4.930000,5.130000,4.930000,5.040000,0.030675,5441285.000000,27544585.000000,1738499570.000000,1738499570.000000,0.015775,24.723520,2013-09-30,2013-10-30,-91.984339,0.585746,42.258176,2.587172,4.943902
sh600760,2013-12-27,4.820000,4.890000,4.820000,4.890000,0.010331,1056854.000000,5137046.000000,1686758510.000000,1686758510.000000,0.003064,23.987697,2013-09-30,2013-10-30,-89.246697,0.568313,41.000486,2.510173,4.796761
sh600760,2013-12-26,4.840000,4.880000,4.800000,4.840000,-0.004115,1342744.000000,6507949.000000,1669511490.000000,1669511490.000000,0.003893,23.742414,2013-09-30,2013-10-30,-88.334117,0.562502,40.581242,2.484505,4.747712
sh600760,2013-12-25,4.830000,4.860000,4.790000,4.860000,0.010395,1171904.000000,5661249.000000,1676410300.000000,1676410300.000000,0.003397,23.840518,2013-09-30,2013-10-30,-88.699114,0.564826,40.748923,2.494771,4.767330
sh600760,2013-12-24,4.800000,4.880000,4.750000,4.810000,0.002083,1976471.000000,9532497.000000,1659163280.000000,1659163280.000000,0.005730,23.595246,2013-09-30,2013-10-30,-87.786573,0.559015,40.329696,2.469105,4.718283
sh600760,2013-12-23,4.850000,4.890000,4.730000,4.800000,-0.010309,1885524.000000,9021537.000000,1655713870.000000,1655713870.000000,0.005466,23.546199,2013-09-30,2013-10-30,-87.604093,0.557853,40.245864,2.463973,4.708476
sh600760,2013-12-20,4.900000,4.910000,4.790000,4.850000,-0.008180,2215702.000000,10741665.000000,1672960890.000000,1672960890.000000,0.006423,23.791465,2013-09-30,2013-10-30,-88.516611,0.563664,40.665080,2.489638,4.757521
sh600760,2013-12-19,4.950000,4.960000,4.840000,4.890000,-0.010121,2100978.000000,10301663.000000,1686758510.000000,1686758510.000000,0.006091,23.987684,2013-09-30,2013-10-30,-89.246649,0.568313,41.000464,2.510172,4.796758
sh600760,2013-12-18,4.990000,5.000000,4.930000,4.940000,-0.010020,1632451.000000,8098492.000000,1704005530.000000,1704005530.000000,0.004733,24.232946,2013-09-30,2013-10-30,-90.159149,0.574124,41.419673,2.535837,4.845803
sh600760,2013-12-17,4.990000,5.010000,4.940000,4.990000,-0.002000,2060708.000000,10240931.000000,1721252550.000000,1721252550.000000,0.005974,24.478218,2013-09-30,2013-10-30,-91.071688,0.579935,41.838898,2.561503,4.894849
sh600760,2013-12-16,5.060000,5.100000,4.960000,5.000000,-0.011858,2914709.000000,14644196.000000,1724701950.000000,1724701950.000000,0.008450,24.527272,2013-09-30,2013-10-30,-91.254196,0.581097,41.922744,2.566636,4.904658
sh600760,2013-12-13,5.000000,5.090000,4.970000,5.060000,0.009980,2224214.000000,11222218.000000,1745398370.000000,1745398370.000000,0.006448,24.821607,2013-09-30,2013-10-30,-92.349274,0.588070,42.425829,2.597437,4.963516
sh600760,2013-12-12,5.000000,5.030000,4.970000,5.010000,0.000000,1357150.000000,6799378.000000,1728151350.000000,1728151350.000000,0.003934,24.576335,2013-09-30,2013-10-30,-91.436735,0.582259,42.006604,2.571770,4.914469
sh600760,2013-12-11,5.060000,5.060000,4.940000,5.010000,-0.011834,2590750.000000,12928987.000000,1728151350.000000,1728151350.000000,0.007511,24.576335,2013-09-30,2013-10-30,-91.436735,0.582259,42.006604,2.571770,4.914469
sh600760,2013-12-10,5.080000,5.090000,5.040000,5.070000,0.005952,1815503.000000,9181486.000000,1748847780.000000,1748847780.000000,0.005263,24.870654,2013-09-30,2013-10-30,-92.531756,0.589232,42.509663,2.602569,4.973324
sh600760,2013-12-09,5.080000,5.090000,5.030000,5.040000,-0.007874,1794772.000000,9077772.000000,1738499570.000000,1738499570.000000,0.005203,24.723500,2013-09-30,2013-10-30,-91.984265,0.585746,42.258142,2.587170,4.943898
sh600760,2013-12-06,5.050000,5.100000,5.030000,5.080000,0.003953,3029439.000000,15371151.000000,1752297180.000000,1752297180.000000,0.008783,24.919718,2013-09-30,2013-10-30,-92.714298,0.590395,42.593524,2.607703,4.983135
sh600760,2013-12-05,5.050000,5.090000,5.020000,5.060000,0.001980,2610719.000000,13209568.000000,1745398370.000000,1745398370.000000,0.007569,24.821598,2013-09-30,2013-10-30,-92.349241,0.588070,42.425815,2.597436,4.963514
sh600760,2013-12-04,5.050000,5.090000,4.990000,5.050000,0.000000,5131449.000000,25913400.000000,1741948970.000000,1741948970.000000,0.014876,24.772549,2013-09-30,2013-10-30,-92.166751,0.586908,42.341977,2.592303,4.953706
sh600760,2013-12-03,4.970000,5.090000,4.970000,5.050000,-0.034417,6563098.000000,32840882.000000,1741948970.000000,1741948970.000000,0.019027,24.772549,2013-09-30,2013-10-30,-92.166751,0.586908,42.341977,2.592303,4.953706
sh600760,2013-12-02,5.400000,5.400000,5.230000,5.230000,-0.050817,4798501.000000,25218463.000000,1804038240.000000,1804038240.000000,0.013911,25.655535,2013-09-30,2013-10-30,-95.451920,0.607827,43.851204,2.684702,5.130274
sh600760,2013-11-29,5.460000,5.560000,5.450000,5.510000,0.007313,2973128.000000,16378274.000000,1900621550.000000,1900621550.000000,0.008619,27.029071,2013-09-30,2013-10-30,-100.562189,0.640369,46.198894,2.828435,5.404937
sh600760,2013-11-28,5.510000,5.520000,5.460000,5.470000,-0.001825,1811338.000000,9940498.000000,1886823930.000000,1886823930.000000,0.005251,26.832843,2013-09-30,2013-10-30,-99.832116,0.635720,45.863494,2.807901,5.365698
sh600760,2013-11-27,5.510000,5.530000,5.440000,5.480000,-0.003636,2025990.000000,11110488.000000,1890273340.000000,1890273340.000000,0.005873,26.881902,2013-09-30,2013-10-30,-100.014643,0.636882,45.947348,2.813035,5.375508
sh600760,2013-11-26,5.480000,5.540000,5.400000,5.500000,0.005484,2409692.000000,13166142.000000,1897172150.000000,1897172150.000000,0.006986,26.980002,2013-09-30,2013-10-30,-100.379623,0.639206,46.115022,2.823300,5.395125
sh600760,2013-11-25,5.450000,5.590000,5.420000,5.470000,0.007366,3539204.000000,19588600.000000,1886823930.000000,1886823930.000000,0.010260,26.832850,2013-09-30,2013-10-30,-99.832144,0.635720,45.863506,2.807902,5.365699
sh600760,2013-11-22,5.400000,5.530000,5.360000,5.430000,0.005556,3041767.000000,16622572.000000,1873026320.000000,1873026320.000000,0.008818,26.636645,2013-09-30,2013-10-30,-99.102157,0.631072,45.528146,2.787370,5.326464
sh600760,2013-11-21,5.400000,5.490000,5.340000,5.400000,-0.005525,2911214.000000,15740835.000000,1862678110.000000,1862678110.000000,0.008440,26.489469,2013-09-30,2013-10-30,-98.554588,0.627585,45.276589,2.771969,5.297034
sh600760,2013-11-20,5.330000,5.550000,5.310000,5.430000,0.016854,4327488.000000,23622466.000000,1873026320.000000,1873026320.000000,0.012546,26.636637,2013-09-30,2013-10-30,-99.102127,0.631072,45.528132,2.787369,5.326463
sh600760,2013-11-19,5.290000,5.350000,5.220000,5.340000,0.003759,2536787.000000,13417132.000000,1841981680.000000,1841981680.000000,0.007354,26.195144,2013-09-30,2013-10-30,-97.459544,0.620612,44.773519,2.741169,5.238179
sh600760,2013-11-18,5.200000,5.320000,5.190000,5.320000,0.007576,5105250.000000,26883597.000000,1835082870.000000,1835082870.000000,0.014800,26.097045,2013-09-30,2013-10-30,-97.094566,0.618288,44.605846,2.730904,5.218562
sh600760,2013-11-15,5.210000,5.330000,5.190000,5.280000,0.007634,3028299.000000,15978749.000000,1821285260.000000,1821285260.000000,0.008779,25.900820,2013-09-30,2013-10-30,-96.364508,0.613639,44.270453,2.710370,5.179323
sh600760,2013-11-14,5.180000,5.240000,5.070000,5.240000,0.005758,1897147.000000,9783492.000000,1807487640.000000,1807487640.000000,0.005500,25.704591,2013-09-30,2013-10-30,-95.634435,0.608990,43.935053,2.689836,5.140084
sh600760,2013-11-13,5.200000,5.260000,5.170000,5.210000,0.003854,1470901.000000,7668997.000000,1797139430.000000,1797139430.000000,0.004264,25.557432,2013-09-30,2013-10-30,-95.086924,0.605503,43.683523,2.674436,5.110657
sh600760,2013-11-12,5.190000,5.220000,5.160000,5.190000,0.003868,1021306.000000,5294974.000000,1790240620.000000,1790240620.000000,0.002961,25.459312,2013-09-30,2013-10-30,-94.721866,0.603178,43.515813,2.664169,5.091036
sh600760,2013-11-11,5.170000,5.210000,5.150000,5.170000,0.000000,1138731.000000,5886620.000000,1783341820.000000,1783341820.000000,0.003301,25.361214,2013-09-30,2013-10-30,-94.356894,0.600854,43.348143,2.653903,5.071420
sh600760,2013-11-08,5.240000,5.290000,5.150000,5.170000,-0.017110,1392961.000000,7263786.000000,1783341820.000000,1783341820.000000,0.004038,25.361214,2013-09-30,2013-10-30,-94.356894,0.600854,43.348143,2.653903,5.071420
sh600760,2013-11-07,5.260000,5.300000,5.230000,5.260000,-0.007547,1574463.000000,8298648.000000,1814386450.000000,1814386450.000000,0.004564,25.802699,2013-09-30,2013-10-30,-95.999444,0.611314,44.102741,2.700102,5.159702
sh600760,2013-11-06,5.290000,5.340000,5.230000,5.300000,-0.003759,1790323.000000,9476621.000000,1828184070.000000,1828184070.000000,0.005190,25.998912,2013-09-30,2013-10-30,-96.729462,0.615963,44.438115,2.720635,5.198939
sh600760,2013-11-05,5.200000,5.390000,5.170000,5.320000,0.021113,3382848.000000,17885416.000000,1835082870.000000,1835082870.000000,0.009807,26.097011,2013-09-30,2013-10-30,-97.094440,0.618287,44.605788,2.730900,5.218555
sh600760,2013-11-04,5.190000,5.250000,5.150000,5.210000,0.000000,1559457.000000,8084386.000000,1797139430.000000,1797139430.000000,0.004521,25.557417,2013-09-30,2013-10-30,-95.086871,0.605503,43.683498,2.674435,5.110654
sh600760,2013-11-01,5.180000,5.240000,5.150000,5.210000,0.003854,1034379.000000,5373714.000000,1797139430.000000,1797139430.000000,0.002999,25.557417,2013-09-30,2013-10-30,-95.086871,0.605503,43.683498,2.674435,5.110654
sh600760,2013-10-31,5.170000,5.330000,5.110000,5.190000,0.003868,2193176.000000,11456794.000000,1790240620.000000,1790240620.000000,0.006358,25.459297,2013-09-30,2013-10-30,-94.721813,0.603178,43.515789,2.664167,5.091033
sh600760,2013-10-30,5.080000,5.200000,5.060000,5.170000,0.017717,1717669.000000,8839379.000000,1783341820.000000,1783341820.000000,0.004980,25.361200,2013-09-30,2013-10-30,-94.356840,0.600854,43.348118,2.653902,5.071417
sh600760,2013-10-29,5.330000,5.330000,5.070000,5.080000,-0.048689,3573579.000000,18449903.000000,1752297180.000000,1752297180.000000,0.010360,24.919698,2013-06-30,2013-08-29,-140.786150,0.613185,20.585499,2.502872,4.983131
sh600760,2013-10-28,5.380000,5.400000,5.250000,5.340000,-0.005587,1919979.000000,10210174.000000,1841981680.000000,1841981680.000000,0.005566,26.195111,2013-06-30,2013-08-29,-147.991718,0.644569,21.639085,2.630971,5.238172
sh600760,2013-10-25,5.380000,5.490000,5.330000,5.370000,-0.001859,2069676.000000,11130977.000000,1852329890.000000,1852329890.000000,0.006000,26.342286,2013-06-30,2013-08-29,-148.823194,0.648190,21.760662,2.645753,5.267602
sh600760,2013-10-24,5.360000,5.430000,5.300000,5.380000,0.001862,1917647.000000,10292903.000000,1855779300.000000,1855779300.000000,0.005559,26.391347,2013-06-30,2013-08-29,-149.100371,0.649397,21.801190,2.650681,5.277413
sh600760,2013-10-23,5.480000,5.540000,5.360000,5.370000,-0.021858,3485764.000000,18968220.000000,1852329890.000000,1852329890.000000,0.010105,26.342298,2013-06-30,2013-08-29,-148.823262,0.648190,21.760672,2.645754,5.267605
sh600760,2013-10-22,5.510000,5.550000,5.470000,5.490000,-0.007233,3021861.000000,16667015.000000,1893722740.000000,1893722740.000000,0.008761,26.930955,2013-06-30,2013-08-29,-152.148934,0.662675,22.246945,2.704878,5.385317
sh600760,2013-10-21,5.490000,5.540000,5.410000,5.530000,0.014679,4582427.000000,25093448.000000,1907520360.000000,1907520360.000000,0.013285,27.127166,2013-06-30,2013-08-29,-153.257445,0.667503,22.409030,2.724585,5.424553
sh600760,2013-10-18,5.440000,5.470000,5.400000,5.450000,-0.003656,2177021.000000,11839586.000000,1879925130.000000,1879925130.000000,0.006311,26.734727,2013-06-30,2013-08-29,-151.040324,0.657847,22.084847,2.685169,5.346078
sh600760,2013-10-17,5.480000,5.500000,5.430000,5.470000,0.003670,2253052.000000,12316126.000000,1886823930.000000,1886823930.000000,0.006532,26.832827,2013-06-30,2013-08-29,-151.594554,0.660261,22.165885,2.695022,5.365695
sh600760,2013-10-16,5.520000,5.580000,5.400000,5.450000,-0.021544,3709384.000000,20352400.000000,1879925130.000000,1879925130.000000,0.010754,26.734711,2013-06-30,2013-08-29,-151.040236,0.657846,22.084834,2.685167,5.346075
sh600760,2013-10-15,5.610000,5.630000,5.490000,5.570000,-0.010657,4248436.000000,23593075.000000,1921317970.000000,1921317970.000000,0.012316,27.323366,2013-06-30,2013-08-29,-154.365895,0.672331,22.571106,2.744290,5.463786
sh600760,2013-10-14,5.650000,5.710000,5.580000,5.630000,0.016245,4364588.000000,24637208.000000,1942014400.000000,1942014400.000000,0.012653,27.617687,2013-06-30,2013-08-29,-156.028692,0.679573,22.814237,2.773851,5.522641
sh600760,2013-10-11,5.530000,5.690000,5.510000,5.540000,0.005445,4483778.000000,25045458.000000,1910969760.000000,1910969760.000000,0.012999,27.176210,2013-06-30,2013-08-29,-153.534524,0.668710,22.449544,2.729510,5.434360
sh600760,2013-10-10,5.580000,5.660000,5.460000,5.510000,-0.024779,4637131.000000,25760464.000000,1900621550.000000,1900621550.000000,0.013443,27.029037,2013-06-30,2013-08-29,-152.703056,0.665089,22.327968,2.714729,5.404930
sh600760,2013-10-09,5.720000,5.750000,5.590000,5.650000,-0.005282,3319895.000000,18770334.000000,1948913200.000000,1948913200.000000,0.009625,27.715807,2013-06-30,2013-08-29,-156.583027,0.681988,22.895291,2.783706,5.542262
sh600760,2013-10-08,5.620000,5.740000,5.610000,5.680000,0.003534,2227857.000000,12626800.000000,1959261420.000000,1959261420.000000,0.006459,27.862979,2013-06-30,2013-08-29,-157.414490,0.685609,23.016866,2.798488,5.571691
sh600760,2013-09-30,5.570000,5.720000,5.560000,5.660000,0.014337,2064471.000000,11663712.000000,1952362610.000000,1952362610.000000,0.005985,27.764858,2013-06-30,2013-08-29,-156.860146,0.683195,22.935811,2.788633,5.552070
sh600760,2013-09-27,5.560000,5.610000,5.530000,5.580000,-0.001789,2180502.000000,12121888.000000,1523339850.000000,1924767380.000000,0.007987,27.372419,2013-06-30,2013-08-29,-154.643029,0.673538,22.611628,2.749217,5.473596
sh600760,2013-09-26,5.660000,5.670000,5.560000,5.590000,-0.005338,2192559.000000,12283760.000000,1526069850.000000,1928216780.000000,0.008031,27.421476,2013-06-30,2013-08-29,-154.920181,0.674745,22.652152,2.754144,5.483405
sh600760,2013-09-25,5.690000,5.740000,5.580000,5.620000,-0.014035,2514874.000000,14240545.000000,1534259850.000000,1938564990.000000,0.009212,27.568638,2013-06-30,2013-08-29,-155.751583,0.678366,22.773719,2.768925,5.512833
sh600760,2013-09-24,5.820000,5.860000,5.680000,5.700000,-0.023973,3312882.000000,19050913.000000,1556099850.000000,1966160220.000000,0.012135,27.961072,2013-06-30,2013-08-29,-157.968674,0.688023,23.097898,2.808340,5.591307
sh600760,2013-09-23,5.730000,5.890000,5.730000,5.840000,0.012132,3505729.000000,20394534.000000,1594319840.000000,2014451880.000000,0.012841,28.647846,2013-06-30,2013-08-29,-161.848672,0.704922,23.665224,2.877318,5.728640
sh600760,2013-09-18,5.670000,5.820000,5.630000,5.770000,0.017637,3842370.000000,22118608.000000,1575209840.000000,1990306050.000000,0.014075,28.304457,2013-06-30,2013-08-29,-159.908660,0.696472,23.381559,2.842829,5.659973
sh600760,2013-09-17,5.590000,5.820000,5.590000,5.670000,0.007105,4855628.000000,27858274.000000,1547909850.000000,1955812010.000000,0.017786,27.813903,2013-06-30,2013-08-29,-157.137231,0.684401,22.976325,2.793559,5.561878
sh600760,2013-09-16,5.560000,5.720000,5.560000,5.630000,0.014414,3744764.000000,21207730.000000,1536989850.000000,1942014400.000000,0.013717,27.617679,2013-06-30,2013-08-29,-156.028647,0.679573,22.814230,2.773850,5.522640
sh600760,2013-09-13,5.640000,5.650000,5.490000,5.550000,-0.014210,3313701.000000,18361206.000000,1515149850.000000,1914419160.000000,0.012138,27.225254,2013-06-30,2013-08-29,-153.811607,0.669917,22.490059,2.734436,5.444167
sh600760,2013-09-12,5.690000,5.710000,5.500000,5.630000,-0.012281,2399477.000000,13510110.000000,1536989850.000000,1942014400.000000,0.008789,27.617702,2013-06-30,2013-08-29,-156.028776,0.679574,22.814249,2.773853,5.522644
sh600760,2013-09-11,5.840000,5.850000,5.680000,5.700000,0.001757,3298271.000000,18993229.000000,1556099850.000000,1966160220.000000,0.012082,27.961092,2013-06-30,2013-08-29,-157.968790,0.688023,23.097915,2.808342,5.591311
sh600760,2013-09-10,5.730000,5.760000,5.650000,5.690000,-0.006981,3103870.000000,17663171.000000,1553369850.000000,1962710820.000000,0.011369,27.912051,2013-06-30,2013-08-29,-157.691726,0.686817,23.057403,2.803416,5.581504
sh600760,2013-09-09,5.780000,5.850000,5.680000,5.730000,-0.008651,3095712.000000,17775153.000000,1564289850.000000,1976508430.000000,0.011340,28.108275,2013-06-30,2013-08-29,-158.800311,0.691645,23.219498,2.823125,5.620743
sh600760,2013-09-06,5.690000,5.840000,5.650000,5.780000,0.015817,3102741.000000,17908688.000000,1577939840.000000,1993755450.000000,0.011365,28.353561,2013-06-30,2013-08-29,-160.186081,0.697681,23.422123,2.847761,5.669792
sh600760,2013-09-05,5.700000,5.720000,5.630000,5.690000,0.000000,1385162.000000,7861125.000000,1553369850.000000,1962710820.000000,0.005074,27.912076,2013-06-30,2013-08-29,-157.691868,0.686817,23.057424,2.803419,5.581509
sh600760,2013-09-04,5.770000,5.850000,5.660000,5.690000,-0.005245,2947972.000000,16939539.000000,1553369850.000000,1962710820.000000,0.010798,27.912076,2013-06-30,2013-08-29,-157.691868,0.686817,23.057424,2.803419,5.581509
sh600760,2013-09-03,5.450000,5.720000,5.450000,5.720000,0.049541,5020341.000000,28537600.000000,1561559850.000000,1973059030.000000,0.018390,28.059247,2013-06-30,2013-08-29,-158.523323,0.690438,23.178997,2.818200,5.610939
sh600760,2013-09-02,5.440000,5.480000,5.380000,5.450000,0.003683,2192552.000000,11865142.000000,1487849850.000000,1879925130.000000,0.008031,26.734779,2013-06-30,2013-08-29,-151.040620,0.657848,22.084890,2.685174,5.346088
sh600760,2013-08-30,5.400000,5.530000,5.330000,5.430000,0.000000,2656412.000000,14426076.000000,1482389850.000000,1873026320.000000,0.009730,26.636676,2013-06-30,2013-08-29,-150.486379,0.655434,22.003850,2.675321,5.326471
sh600760,2013-08-29,5.650000,5.650000,5.320000,5.430000,-0.030357,3791694.000000,20605297.000000,1482389850.000000,1873026320.000000,0.013889,26.636676,2013-06-30,2013-08-29,-150.486379,0.655434,22.003850,2.675321,5.326471
sh600760,2013-08-28,5.550000,5.670000,5.530000,5.600000,0.003584,1650205.000000,9257876.000000,1528799850.000000,1931666180.000000,0.006045,27.470601,2013-03-31,2013-04-25,-122.479026,0.694671,8.816321,2.655839,5.493229
sh600760,2013-08-27,5.530000,5.600000,5.500000,5.580000,0.000000,1621607.000000,8990526.000000,1523339850.000000,1924767380.000000,0.005940,27.372498,2013-03-31,2013-04-25,-122.041628,0.692190,8.784836,2.646355,5.473611
sh600760,2013-08-26,5.560000,5.610000,5.480000,5.580000,0.000000,1899257.000000,10543335.000000,1523339850.000000,1924767380.000000,0.006957,27.372498,2013-03-31,2013-04-25,-122.041628,0.692190,8.784836,2.646355,5.473611
sh600760,2013-08-23,5.750000,5.750000,5.550000,5.580000,-0.021053,1926357.000000,10818664.000000,1523339850.000000,1924767380.000000,0.007056,27.372498,2013-03-31,2013-04-25,-122.041628,0.692190,8.784836,2.646355,5.473611
sh600760,2013-08-22,5.530000,5.770000,5.530000,5.700000,0.023339,2967749.000000,16904809.000000,1556099850.000000,1966160220.000000,0.010871,27.961164,2013-03-31,2013-04-25,-124.666226,0.707077,8.973761,2.703267,5.591325
sh600760,2013-08-21,5.590000,5.590000,5.470000,5.570000,0.000000,1822920.000000,10111955.000000,1520609850.000000,1921317970.000000,0.006677,27.323462,2013-03-31,2013-04-25,-121.823000,0.690950,8.769099,2.641614,5.463806
sh600760,2013-08-20,5.550000,5.630000,5.520000,5.570000,-0.001792,1755602.000000,9788156.000000,1520609850.000000,1921317970.000000,0.006431,27.323462,2013-03-31,2013-04-25,-121.823000,0.690950,8.769099,2.641614,5.463806
sh600760,2013-08-19,5.600000,5.680000,5.510000,5.580000,-0.008881,2605450.000000,14594057.000000,1523339850.000000,1924767380.000000,0.009544,27.372514,2013-03-31,2013-04-25,-122.041698,0.692191,8.784841,2.646356,5.473614
sh600760,2013-08-16,5.410000,5.710000,5.400000,5.630000,0.031136,4493363.000000,25026397.000000,1536989850.000000,1942014400.000000,0.016459,27.617787,2013-03-31,2013-04-25,-123.135262,0.698393,8.863558,2.670069,5.522661
sh600760,2013-08-15,5.480000,5.610000,5.450000,5.460000,-0.009074,3254715.000000,17995430.000000,1490579850.000000,1883374530.000000,0.011922,26.783846,2013-03-31,2013-04-25,-119.417092,0.677305,8.595916,2.589444,5.355900
sh600760,2013-08-14,5.370000,5.630000,5.370000,5.510000,0.027985,7658423.000000,42794762.000000,1504229850.000000,1900621550.000000,0.028053,27.029108,2013-03-31,2013-04-25,-120.510605,0.683507,8.674630,2.613156,5.404944
sh600760,2013-08-13,5.410000,5.470000,5.300000,5.360000,0.011321,4582463.000000,24690619.000000,1463279860.000000,1848880490.000000,0.016786,26.293290,2013-03-31,2013-04-25,-117.229926,0.664900,8.438479,2.542018,5.257805
sh600760,2013-08-12,5.050000,5.300000,5.030000,5.300000,0.049505,6551369.000000,34387622.000000,1446899860.000000,1828184070.000000,0.023998,25.998956,2013-03-31,2013-04-25,-115.917622,0.657457,8.344016,2.513562,5.198947
sh600760,2013-08-09,5.060000,5.090000,4.980000,5.050000,-0.003945,2469181.000000,12435329.000000,1378649860.000000,1741948970.000000,0.009045,24.772589,2013-03-31,2013-04-25,-110.449805,0.626444,7.950430,2.394997,4.953714
sh600760,2013-08-08,5.070000,5.110000,5.030000,5.070000,-0.001969,1930105.000000,9794321.000000,1384109860.000000,1748847780.000000,0.007070,24.870704,2013-03-31,2013-04-25,-110.887255,0.628926,7.981919,2.404483,4.973334
sh600760,2013-08-07,5.040000,5.110000,4.970000,5.080000,0.001972,2690143.000000,13616430.000000,1386839860.000000,1752297180.000000,0.009854,24.919771,2013-03-31,2013-04-25,-111.106023,0.630166,7.997666,2.409227,4.983145
sh600760,2013-08-06,5.020000,5.070000,4.970000,5.070000,0.009960,1876847.000000,9433267.000000,1384109860.000000,1748847780.000000,0.006875,24.870726,2013-03-31,2013-04-25,-110.887353,0.628926,7.981926,2.404485,4.973338
sh600760,2013-08-05,4.980000,5.030000,4.910000,5.020000,0.008032,2030324.000000,10085251.000000,1370459860.000000,1731600760.000000,0.007437,24.625456,2013-03-31,2013-04-25,-109.793807,0.622724,7.903210,2.380773,4.924292
sh600760,2013-08-02,4.940000,5.010000,4.940000,4.980000,0.004032,1583453.000000,7876761.000000,1359539870.000000,1717803140.000000,0.005800,24.429240,2013-03-31,2013-04-25,-108.918969,0.617762,7.840237,2.361803,4.885055
sh600760,2013-08-01,4.890000,4.990000,4.890000,4.960000,0.008130,1246957.000000,6174125.000000,1354079870.000000,1710904330.000000,0.004568,24.331137,2013-03-31,2013-04-25,-108.481572,0.615281,7.808752,2.352318,4.865438
sh600760,2013-07-31,4.920000,4.950000,4.870000,4.920000,0.000000,1638724.000000,8040692.000000,1343159870.000000,1697106720.000000,0.006003,24.134920,2013-03-31,2013-04-25,-107.606729,0.610319,7.745779,2.333348,4.826201
sh600760,2013-07-30,4.930000,4.950000,4.860000,4.920000,0.000000,1187610.000000,5820987.000000,1343159870.000000,1697106720.000000,0.004350,24.134920,2013-03-31,2013-04-25,-107.606729,0.610319,7.745779,2.333348,4.826201
sh600760,2013-07-29,5.000000,5.000000,4.880000,4.920000,-0.017964,1608009.000000,7897650.000000,1343159870.000000,1697106720.000000,0.005890,24.134920,2013-03-31,2013-04-25,-107.606729,0.610319,7.745779,2.333348,4.826201
sh600760,2013-07-26,5.020000,5.060000,4.950000,5.010000,-0.009881,1612440.000000,8059525.000000,1367729860.000000,1728151350.000000,0.005906,24.576411,2013-03-31,2013-04-25,-109.575137,0.621484,7.887469,2.376031,4.914485
sh600760,2013-07-25,5.070000,5.130000,5.060000,5.060000,-0.001972,1877699.000000,9558789.000000,1381379860.000000,1745398370.000000,0.006878,24.821674,2013-03-31,2013-04-25,-110.668654,0.627686,7.966183,2.399743,4.963529
sh600760,2013-07-24,5.100000,5.170000,5.020000,5.070000,-0.009766,2102588.000000,10666685.000000,1384109860.000000,1748847780.000000,0.007702,24.870719,2013-03-31,2013-04-25,-110.887323,0.628926,7.981924,2.404484,4.973337
sh600760,2013-07-23,5.060000,5.140000,5.050000,5.120000,0.013861,2370143.000000,12078251.000000,1397759860.000000,1766094800.000000,0.008682,25.116002,2013-03-31,2013-04-25,-111.980929,0.635129,8.060644,2.428198,5.022385
sh600760,2013-07-22,5.050000,5.070000,4.980000,5.050000,0.000000,1274701.000000,6399962.000000,1378649860.000000,1741948970.000000,0.004669,24.772628,2013-03-31,2013-04-25,-110.449982,0.626445,7.950443,2.395001,4.953722
sh600760,2013-07-19,5.000000,5.090000,4.950000,5.050000,0.010000,2622588.000000,13175010.000000,1378649860.000000,1741948970.000000,0.009607,24.772628,2013-03-31,2013-04-25,-110.449982,0.626445,7.950443,2.395001,4.953722
sh600760,2013-07-18,5.100000,5.150000,4.990000,5.000000,-0.017682,1957353.000000,9895206.000000,1364999870.000000,1724701950.000000,0.007170,24.527355,2013-03-31,2013-04-25,-109.356418,0.620243,7.871726,2.371288,4.904675
sh600760,2013-07-17,5.080000,5.240000,5.060000,5.090000,0.001969,3443697.000000,17714722.000000,1389569860.000000,1755746590.000000,0.012614,24.968854,2013-03-31,2013-04-25,-111.324864,0.631408,8.013419,2.413972,4.992960
sh600760,2013-07-16,5.040000,5.100000,4.980000,5.080000,0.000000,1666916.000000,8429651.000000,1386839860.000000,1752297180.000000,0.006106,24.919787,2013-03-31,2013-04-25,-111.106096,0.630167,7.997671,2.409228,4.983149
sh600760,2013-07-15,4.980000,5.120000,4.890000,5.080000,0.009940,1585516.000000,8001057.000000,1386839860.000000,1752297180.000000,0.005808,24.919787,2013-03-31,2013-04-25,-111.106096,0.630167,7.997671,2.409228,4.983149
sh600760,2013-07-12,5.100000,5.110000,4.990000,5.030000,-0.013725,2659382.000000,13418352.000000,1373189860.000000,1735050160.000000,0.009741,24.674522,2013-03-31,2013-04-25,-110.012571,0.623965,7.918957,2.385516,4.934104
sh600760,2013-07-11,5.010000,5.120000,4.940000,5.100000,0.017964,2825304.000000,14275657.000000,1392299860.000000,1759195990.000000,0.010349,25.017893,2013-03-31,2013-04-25,-111.543506,0.632648,8.029157,2.418713,5.002767
sh600760,2013-07-10,4.960000,5.020000,4.910000,5.010000,0.014170,1865277.000000,9268393.000000,1367729860.000000,1728151350.000000,0.006833,24.576403,2013-03-31,2013-04-25,-109.575099,0.621483,7.887467,2.376030,4.914483
sh600760,2013-07-09,4.920000,5.030000,4.860000,4.940000,0.004065,1226699.000000,6031885.000000,1348619870.000000,1704005530.000000,0.004493,24.233021,2013-03-31,2013-04-25,-108.044114,0.612800,7.777263,2.342832,4.845818
sh600760,2013-07-08,5.150000,5.150000,4.910000,4.920000,-0.048356,2518722.000000,12617448.000000,1343159870.000000,1697106720.000000,0.009226,24.134912,2013-03-31,2013-04-25,-107.606692,0.610319,7.745776,2.333347,4.826199
sh600760,2013-07-05,5.190000,5.250000,5.120000,5.170000,-0.001931,2088171.000000,10814247.000000,1411409860.000000,1783341820.000000,0.007649,25.361282,2013-03-31,2013-04-25,-113.074524,0.641331,8.139363,2.451912,5.071433
sh600760,2013-07-04,5.170000,5.230000,5.100000,5.180000,0.001934,2234325.000000,11551458.000000,1414139860.000000,1786791220.000000,0.008184,25.410350,2013-03-31,2013-04-25,-113.293294,0.642572,8.155111,2.456656,5.081245
sh600760,2013-07-03,4.910000,5.200000,4.910000,5.170000,0.044444,5037632.000000,25838195.000000,1411409860.000000,1783341820.000000,0.018453,25.361301,2013-03-31,2013-04-25,-113.074607,0.641332,8.139369,2.451914,5.071437
sh600760,2013-07-02,4.990000,4.990000,4.850000,4.950000,0.006098,3016266.000000,14823974.000000,1351349870.000000,1707454930.000000,0.011049,24.282107,2013-03-31,2013-04-25,-108.262968,0.614041,7.793017,2.347578,4.855633
sh600760,2013-07-01,4.870000,4.990000,4.800000,4.920000,0.012346,2387291.000000,11705893.000000,1343159870.000000,1697106720.000000,0.008745,24.134932,2013-03-31,2013-04-25,-107.606782,0.610320,7.745783,2.333349,4.826203
sh600760,2013-06-28,5.020000,5.050000,4.850000,4.860000,-0.041420,2781930.000000,13834879.000000,1326779870.000000,1676410300.000000,0.010190,23.840596,2013-03-31,2013-04-25,-106.294470,0.602876,7.651320,2.304893,4.767346
sh600760,2013-06-27,5.300000,5.380000,5.040000,5.070000,-0.043396,2185190.000000,11370485.000000,1384109860.000000,1748847780.000000,0.008004,24.870742,2013-03-31,2013-04-25,-110.887427,0.628927,7.981931,2.404487,4.973341
sh600760,2013-06-26,5.340000,5.400000,5.180000,5.300000,-0.007491,1898756.000000,10051528.000000,1446899860.000000,1828184070.000000,0.006955,25.998995,2013-03-31,2013-04-25,-115.917796,0.657458,8.344029,2.513565,5.198955
sh600760,2013-06-25,5.240000,5.390000,5.130000,5.340000,-0.011111,3291180.000000,17159003.000000,1457819860.000000,1841981680.000000,0.012056,26.195223,2013-03-31,2013-04-25,-116.792690,0.662420,8.407005,2.532537,5.238194
sh600760,2013-06-24,5.690000,5.690000,5.400000,5.400000,-0.049296,4455601.000000,24306450.000000,1474199850.000000,1862678110.000000,0.016321,26.489549,2013-03-31,2013-04-25,-118.104954,0.669863,8.501465,2.560992,5.297050
sh600760,2013-06-21,5.600000,5.750000,5.450000,5.680000,0.005310,1554987.000000,8746127.000000,1550639850.000000,1959261420.000000,0.005696,27.863087,2013-03-31,2013-04-25,-124.228944,0.704596,8.942284,2.693785,5.571713
sh600760,2013-06-20,5.720000,5.770000,5.600000,5.650000,-0.022491,1752007.000000,9911065.000000,1542449850.000000,1948913200.000000,0.006418,27.715916,2013-03-31,2013-04-25,-123.572773,0.700875,8.895051,2.679556,5.542284
sh600760,2013-06-19,5.740000,5.840000,5.620000,5.780000,0.005217,2350543.000000,13480412.000000,1577939840.000000,1993755450.000000,0.008610,28.353617,2013-03-31,2013-04-25,-126.415995,0.717001,9.099713,2.741209,5.669803
sh600760,2013-06-18,5.660000,5.790000,5.660000,5.750000,0.015901,3539550.000000,20328221.000000,1569749840.000000,1983407240.000000,0.012965,28.206464,2013-03-31,2013-04-25,-125.759906,0.713280,9.052486,2.726982,5.640377
sh600760,2013-06-17,5.450000,5.700000,5.320000,5.660000,0.042357,4034502.000000,22492810.000000,1545179850.000000,1952362610.000000,0.014778,27.764973,2013-03-31,2013-04-25,-123.791497,0.702115,8.910796,2.684299,5.552094
sh600760,2013-06-14,5.390000,5.550000,5.390000,5.430000,0.005556,2370065.000000,12956904.000000,1482389850.000000,1873026320.000000,0.008682,26.636721,2013-03-31,2013-04-25,-118.761132,0.673584,8.548698,2.575220,5.326480
sh600760,2013-06-13,5.600000,5.660000,5.400000,5.400000,-0.049296,3755300.000000,20408650.000000,1474199850.000000,1862678110.000000,0.013756,26.489545,2013-03-31,2013-04-25,-118.104941,0.669863,8.501464,2.560992,5.297049
sh600760,2013-06-07,5.780000,5.870000,5.600000,5.680000,-0.018998,3119598.000000,17808463.000000,1550639850.000000,1959261420.000000,0.011427,27.863084,2013-03-31,2013-04-25,-124.228930,0.704596,8.942283,2.693784,5.571713
sh600760,2013-06-06,5.740000,5.840000,5.680000,5.790000,0.005208,2272419.000000,13102292.000000,1580669840.000000,1997204860.000000,0.008324,28.402678,2013-03-31,2013-04-25,-126.634737,0.718241,9.115459,2.745952,5.679614
sh600760,2013-06-05,5.750000,5.840000,5.690000,5.760000,-0.012007,2465484.000000,14181550.000000,1572479840.000000,1986856650.000000,0.009031,28.255523,2013-03-31,2013-04-25,-125.978640,0.714520,9.068231,2.731725,5.650188
sh600760,2013-06-04,6.010000,6.010000,5.800000,5.830000,-0.028333,3778215.000000,22137721.000000,1591589840.000000,2011002470.000000,0.013840,28.598910,2013-03-31,2013-04-25,-127.509648,0.723204,9.178437,2.764924,5.718854
sh600760,2013-06-03,6.030000,6.100000,5.950000,6.000000,-0.006623,3000582.000000,18132154.000000,1637999840.000000,2069642340.000000,0.010991,29.432831,2013-03-31,2013-04-25,-131.227723,0.744292,9.446072,2.845546,5.885611
sh600760,2013-05-31,6.110000,6.130000,6.020000,6.040000,-0.009836,2084493.000000,12630154.000000,1648919840.000000,2083439960.000000,0.007636,29.629064,2013-03-31,2013-04-25,-132.102639,0.749254,9.509051,2.864518,5.924851
sh600760,2013-05-30,6.150000,6.160000,6.050000,6.100000,-0.004894,3558525.000000,21674723.000000,1665299840.000000,2104136380.000000,0.013035,29.923391,2013-03-31,2013-04-25,-133.414908,0.756697,9.603511,2.892973,5.983707
sh600760,2013-05-29,5.990000,6.200000,5.960000,6.130000,0.028523,5405738.000000,33026028.000000,1673489830.000000,2114484590.000000,0.019801,30.070556,2013-03-31,2013-04-25,-134.071052,0.760418,9.650742,2.907201,6.013135
sh600760,2013-05-28,5.920000,6.060000,5.860000,5.960000,0.011885,4576389.000000,27237304.000000,1627079840.000000,2055844720.000000,0.016763,29.236639,2013-03-31,2013-04-25,-130.352994,0.739330,9.383107,2.826579,5.846379
sh600760,2013-05-27,5.900000,5.940000,5.860000,5.890000,-0.006745,3310151.000000,19493510.000000,1607969840.000000,2031698900.000000,0.012125,28.893243,2013-03-31,2013-04-25,-128.821945,0.730647,9.272899,2.793379,5.777711
sh600760,2013-05-24,5.910000,6.000000,5.890000,5.930000,0.000000,3065720.000000,18160912.000000,1618889840.000000,2045496510.000000,0.011230,29.089451,2013-03-31,2013-04-25,-129.696749,0.735608,9.335869,2.812349,5.816946
sh600760,2013-05-23,6.030000,6.030000,5.900000,5.930000,-0.014950,3406565.000000,20262698.000000,1618889840.000000,2045496510.000000,0.012478,29.089451,2013-03-31,2013-04-25,-129.696749,0.735608,9.335869,2.812349,5.816946
sh600760,2013-05-22,6.080000,6.110000,5.960000,6.020000,-0.006601,3441031.000000,20826380.000000,1643459840.000000,2076541150.000000,0.012605,29.530939,2013-03-31,2013-04-25,-131.665143,0.746773,9.477559,2.855031,5.905229
sh600760,2013-05-21,5.980000,6.130000,5.860000,6.060000,0.020202,5889200.000000,35351212.000000,1654379840.000000,2090338760.000000,0.021572,29.727168,2013-03-31,2013-04-25,-132.540040,0.751735,9.540536,2.874003,5.944469
sh600760,2013-05-20,5.980000,6.000000,5.860000,5.940000,-0.003356,4484451.000000,26597190.000000,1621619840.000000,2048945920.000000,0.016427,29.138512,2013-03-31,2013-04-25,-129.915487,0.736849,9.351615,2.817092,5.826757
sh600760,2013-05-17,6.000000,6.050000,5.900000,5.960000,-0.003344,5009463.000000,29891809.000000,1627079840.000000,2055844720.000000,0.018350,29.236630,2013-03-31,2013-04-25,-130.352952,0.739330,9.383104,2.826578,5.846377
sh600760,2013-05-16,5.990000,6.180000,5.920000,5.980000,-0.001669,4321438.000000,26213385.000000,1632539840.000000,2062743530.000000,0.015829,29.334725,2013-03-31,2013-04-25,-130.790315,0.741811,9.414587,2.836062,5.865993
sh600760,2013-05-15,5.860000,6.120000,5.850000,5.990000,0.025685,5090283.000000,30666476.000000,1635269840.000000,2066192940.000000,0.018646,29.383767,2013-03-31,2013-04-25,-131.008969,0.743051,9.430326,2.840803,5.875800
sh600760,2013-05-14,5.870000,5.910000,5.790000,5.840000,-0.006803,3869844.000000,22650583.000000,1594319840.000000,2014451880.000000,0.014175,28.647944,2013-03-31,2013-04-25,-127.728268,0.724444,9.194173,2.769664,5.728659
sh600760,2013-05-13,5.650000,5.890000,5.600000,5.880000,0.048128,8736327.000000,51192587.000000,1605239840.000000,2028249490.000000,0.032001,28.844171,2013-03-31,2013-04-25,-128.603155,0.729406,9.257150,2.788635,5.767898
sh600760,2013-05-10,5.550000,5.660000,5.500000,5.610000,0.016304,3945635.000000,22107855.000000,1531529850.000000,1935115590.000000,0.014453,27.519703,2013-03-31,2013-04-25,-122.697948,0.695913,8.832080,2.660586,5.503047
sh600760,2013-05-09,5.560000,5.610000,5.510000,5.520000,-0.014286,2786593.000000,15456490.000000,1506959850.000000,1904070950.000000,0.010207,27.078220,2013-03-31,2013-04-25,-120.729574,0.684749,8.690391,2.617904,5.414765
sh600760,2013-05-08,5.590000,5.620000,5.470000,5.600000,0.005386,2641253.000000,14660542.000000,1528799850.000000,1931666180.000000,0.009675,27.470666,2013-03-31,2013-04-25,-122.479313,0.694673,8.816342,2.655846,5.493242
sh600760,2013-05-07,5.530000,5.620000,5.460000,5.570000,0.010889,4305742.000000,23996611.000000,1520609850.000000,1921317970.000000,0.015772,27.323501,2013-03-31,2013-04-25,-121.823173,0.690951,8.769111,2.641618,5.463813
sh600760,2013-05-06,5.470000,5.560000,5.450000,5.510000,0.007313,2205358.000000,12117444.000000,1504229850.000000,1900621550.000000,0.008078,27.029180,2013-03-31,2013-04-25,-120.510930,0.683509,8.674653,2.613163,5.404959
sh600760,2013-05-03,5.400000,5.550000,5.360000,5.470000,0.012963,2234776.000000,12254719.000000,1493309850.000000,1886823930.000000,0.008186,26.832951,2013-03-31,2013-04-25,-119.636032,0.678546,8.611676,2.594192,5.365719
sh600760,2013-05-02,5.220000,5.450000,5.220000,5.400000,0.009346,1936724.000000,10430601.000000,1474199850.000000,1862678110.000000,0.007094,26.489567,2013-03-31,2013-04-25,-118.105036,0.669863,8.501471,2.560994,5.297054
sh600760,2013-04-26,5.470000,5.480000,5.250000,5.350000,-0.020147,3641934.000000,19430980.000000,1460549860.000000,1845431090.000000,0.013340,26.244288,2013-03-31,2013-04-25,-117.011447,0.663660,8.422752,2.537280,5.248006
sh600760,2013-04-25,5.460000,5.570000,5.320000,5.460000,-0.009074,3236291.000000,17753922.000000,1490579850.000000,1883374530.000000,0.011855,26.783903,2013-03-31,2013-04-25,-119.417348,0.677306,8.595934,2.589450,5.355911
sh600760,2013-04-24,5.400000,5.530000,5.400000,5.510000,0.011009,2480433.000000,13584020.000000,1504229850.000000,1900621550.000000,0.009086,27.029166,2012-12-31,2013-03-30,-52.688428,0.632929,8.786488,2.598636,5.404956
sh600760,2013-04-23,5.500000,5.540000,5.380000,5.450000,-0.009091,2740175.000000,14907002.000000,1487849850.000000,1879925130.000000,0.010037,26.734842,2012-12-31,2013-03-30,-52.114697,0.626037,8.690811,2.570339,5.346101
sh600760,2013-04-22,5.370000,5.540000,5.360000,5.500000,0.012891,2717882.000000,14883806.000000,1501499850.000000,1897172150.000000,0.009956,26.980118,2012-12-31,2013-03-30,-52.592818,0.631781,8.770544,2.593921,5.395148
sh600760,2013-04-19,5.400000,5.460000,5.280000,5.430000,0.016854,3526140.000000,18972263.000000,1482389850.000000,1873026320.000000,0.012916,26.636744,2012-12-31,2013-03-30,-51.923473,0.623740,8.658922,2.560908,5.326484
sh600760,2013-04-18,5.280000,5.460000,5.280000,5.340000,0.015209,2666132.000000,14255831.000000,1457819860.000000,1841981680.000000,0.009766,26.195249,2012-12-31,2013-03-30,-51.062859,0.613402,8.515403,2.518462,5.238200
sh600760,2013-04-17,5.280000,5.320000,5.200000,5.260000,0.001905,2161887.000000,11348505.000000,1435979860.000000,1814386450.000000,0.007919,25.802814,2012-12-31,2013-03-30,-50.297879,0.604212,8.387832,2.480732,5.159725
sh600760,2013-04-16,5.310000,5.390000,5.130000,5.250000,-0.027778,4134826.000000,21652988.000000,1433249860.000000,1810937050.000000,0.015146,25.753753,2012-12-31,2013-03-30,-50.202244,0.603063,8.371884,2.476016,5.149915
sh600760,2013-04-15,5.290000,5.540000,5.280000,5.400000,0.022727,3820737.000000,20637771.000000,1474199850.000000,1862678110.000000,0.013995,26.489581,2012-12-31,2013-03-30,-51.636605,0.620294,8.611083,2.546760,5.297056
sh600760,2013-04-12,5.170000,5.340000,5.150000,5.280000,0.019305,3544062.000000,18726966.000000,1441439860.000000,1821285260.000000,0.012982,25.900930,2012-12-31,2013-03-30,-50.489139,0.606510,8.419727,2.490166,5.179345
sh600760,2013-04-11,5.230000,5.260000,5.130000,5.180000,-0.013333,2047983.000000,10639129.000000,1414139860.000000,1786791220.000000,0.007502,25.410383,2012-12-31,2013-03-30,-49.532906,0.595023,8.260263,2.443003,5.081252
sh600760,2013-04-10,5.100000,5.260000,5.100000,5.250000,0.025391,3140873.000000,16365832.000000,1433249860.000000,1810937050.000000,0.011505,25.753758,2012-12-31,2013-03-30,-50.202253,0.603064,8.371885,2.476016,5.149916
sh600760,2013-04-09,5.090000,5.190000,5.060000,5.120000,0.001957,5223533.000000,26752084.000000,1397759860.000000,1766094800.000000,0.019134,25.116036,2012-12-31,2013-03-30,-48.959131,0.588130,8.164579,2.414704,5.022392
sh600760,2013-04-08,4.750000,5.110000,4.750000,5.110000,0.049281,10251030.000000,51597280.000000,1395029860.000000,1762645390.000000,0.037550,25.066980,2012-12-31,2013-03-30,-48.863505,0.586982,8.148632,2.409988,5.012583
sh600760,2013-04-03,4.830000,4.970000,4.820000,4.870000,-0.037549,11671619.000000,56852574.000000,1329509870.000000,1679859700.000000,0.042753,23.889673,2012-12-31,2013-03-30,-46.568560,0.559413,7.765919,2.296799,4.777159
sh600760,2013-04-02,5.060000,5.190000,5.060000,5.060000,-0.050657,5238300.000000,26530663.000000,1381379860.000000,1745398370.000000,0.019188,24.821703,2012-12-31,2013-03-30,-48.385383,0.581238,8.068899,2.386407,4.963535
sh600760,2013-03-29,5.670000,5.730000,5.300000,5.330000,-0.061620,7819274.000000,42887395.000000,1455089860.000000,1838532280.000000,0.028642,26.146191,2012-09-30,2012-10-30,-7.188080,0.629554,29.329333,2.661028,5.228390
sh600760,2013-03-28,5.660000,5.860000,5.550000,5.680000,-0.010453,8719838.000000,49975711.000000,1550639850.000000,1959261420.000000,0.031941,27.863116,2012-09-30,2012-10-30,-7.660095,0.670895,31.255283,2.835768,5.571719
sh600760,2013-03-27,5.670000,5.890000,5.580000,5.740000,0.001745,8090496.000000,46332891.000000,1567019850.000000,1979957840.000000,0.029636,28.157446,2012-09-30,2012-10-30,-7.741012,0.677982,31.585446,2.865723,5.630575
sh600760,2013-03-26,5.500000,5.950000,5.390000,5.730000,0.036166,12736006.000000,72821081.000000,1564289850.000000,1976508430.000000,0.046652,28.108397,2012-09-30,2012-10-30,-7.727528,0.676801,31.530425,2.860731,5.620767
sh600760,2013-03-25,5.510000,5.570000,5.400000,5.530000,-0.001805,4152672.000000,22742138.000000,1509689850.000000,1907520360.000000,0.015211,27.127311,2012-09-30,2012-10-30,-7.457809,0.653178,30.429898,2.760881,5.424582
sh600760,2013-03-22,5.410000,5.640000,5.360000,5.540000,0.018382,6586779.000000,36240281.000000,1512419850.000000,1910969760.000000,0.024127,27.176364,2012-09-30,2012-10-30,-7.471294,0.654359,30.484923,2.765873,5.434391
sh600760,2013-03-21,5.380000,5.470000,5.340000,5.440000,0.016822,4763972.000000,25791220.000000,1485119850.000000,1876475720.000000,0.017450,26.685825,2012-09-30,2012-10-30,-7.336436,0.642548,29.934664,2.715949,5.336299
sh600760,2013-03-20,5.210000,5.400000,5.210000,5.350000,0.015180,4490590.000000,23988896.000000,1460549860.000000,1845431090.000000,0.016449,26.244343,2012-09-30,2012-10-30,-7.215064,0.631918,29.439434,2.671017,5.248017
sh600760,2013-03-19,5.350000,5.430000,5.100000,5.270000,-0.014953,5648492.000000,29536336.000000,1438709860.000000,1817835860.000000,0.020690,25.851911,2012-09-30,2012-10-30,-7.107177,0.622468,28.999225,2.631077,5.169543
sh600760,2013-03-18,5.680000,5.680000,5.300000,5.350000,-0.064685,8030216.000000,43614379.000000,1460549860.000000,1845431090.000000,0.029415,26.244342,2012-09-30,2012-10-30,-7.215064,0.631918,29.439433,2.671017,5.248017
sh600760,2013-03-15,5.660000,5.910000,5.650000,5.720000,0.005272,3847660.000000,22179891.000000,1561559850.000000,1973059030.000000,0.014094,28.059362,2012-09-30,2012-10-30,-7.714047,0.675620,31.475421,2.855740,5.610962
sh600760,2013-03-14,5.660000,5.740000,5.610000,5.690000,0.003527,2566000.000000,14571166.000000,1553369850.000000,1962710820.000000,0.009399,27.912209,2012-09-30,2012-10-30,-7.673592,0.672077,31.310353,2.840764,5.581536
sh600760,2013-03-13,5.820000,5.870000,5.650000,5.670000,-0.030769,4289307.000000,24567855.000000,1547909850.000000,1955812010.000000,0.015712,27.814109,2012-09-30,2012-10-30,-7.646622,0.669715,31.200309,2.830780,5.561919
sh600760,2013-03-12,5.890000,5.960000,5.750000,5.850000,-0.010152,4692420.000000,27395157.000000,1597049840.000000,2017901280.000000,0.017188,28.697090,2012-09-30,2012-10-30,-7.889370,0.690975,32.190788,2.920645,5.738487
sh600760,2013-03-11,6.030000,6.040000,5.820000,5.910000,-0.018272,5502370.000000,32397882.000000,1613429840.000000,2038597700.000000,0.020155,28.991410,2012-09-30,2012-10-30,-7.970285,0.698062,32.520940,2.950600,5.797341
sh600760,2013-03-08,6.070000,6.200000,6.000000,6.020000,-0.009868,5540826.000000,33716311.000000,1643459840.000000,2076541150.000000,0.020296,29.531001,2012-09-30,2012-10-30,-8.118628,0.711054,33.126223,3.005516,5.905242
sh600760,2013-03-07,6.210000,6.280000,6.050000,6.080000,-0.024077,7166539.000000,44032267.000000,1659839840.000000,2097237570.000000,0.026251,29.825317,2012-09-30,2012-10-30,-8.199541,0.718141,33.456370,3.035470,5.964095
sh600760,2013-03-06,6.080000,6.260000,6.050000,6.230000,0.022989,7225119.000000,44533018.000000,1700789830.000000,2148978630.000000,0.026466,30.561137,2012-09-30,2012-10-30,-8.401832,0.735858,34.281772,3.110359,6.111236
sh600760,2013-03-05,6.000000,6.140000,5.960000,6.090000,0.009950,8045050.000000,48557090.000000,1662569840.000000,2100686980.000000,0.029469,29.874356,2012-09-30,2012-10-30,-8.213023,0.719322,33.511379,3.040461,5.973902
sh600760,2013-03-04,6.240000,6.260000,6.000000,6.030000,-0.044374,11423247.000000,70139512.000000,1646189840.000000,2079990550.000000,0.041843,29.580035,2012-09-30,2012-10-30,-8.132109,0.712235,33.181226,3.010507,5.915047
sh600760,2013-03-01,6.140000,6.380000,6.140000,6.310000,0.017742,13035550.000000,81682533.000000,1722629830.000000,2176573860.000000,0.047749,30.953568,2012-09-30,2012-10-30,-8.509719,0.745307,34.721979,3.150298,6.189709
sh600760,2013-02-28,6.250000,6.250000,6.040000,6.200000,-0.011164,12527685.000000,77103878.000000,1692599830.000000,2138630420.000000,0.045889,30.413964,2012-09-30,2012-10-30,-8.361371,0.732315,34.116681,3.095380,6.081806
sh600760,2013-02-27,5.900000,6.380000,5.900000,6.270000,0.048495,18481720.000000,114069223.000000,1711709830.000000,2162776250.000000,0.067699,30.757339,2012-09-30,2012-10-30,-8.455772,0.740583,34.501860,3.130327,6.150470
sh600760,2013-02-26,5.760000,6.070000,5.680000,5.980000,0.029260,14432660.000000,85568105.000000,1632539840.000000,2062743530.000000,0.052867,29.334750,2012-09-30,2012-10-30,-8.064675,0.706329,32.906079,2.985543,5.865998
sh600760,2013-02-25,5.820000,5.860000,5.710000,5.810000,0.001724,4489366.000000,26027530.000000,1586129840.000000,2004103670.000000,0.016445,28.500816,2012-09-30,2012-10-30,-7.835411,0.686249,31.970619,2.900669,5.699238
sh600760,2013-02-22,5.650000,5.970000,5.650000,5.800000,0.021127,8777165.000000,51186759.000000,1583399840.000000,2000654260.000000,0.032151,28.451765,2012-09-30,2012-10-30,-7.821926,0.685068,31.915597,2.895677,5.689430
sh600760,2013-02-21,5.740000,5.740000,5.610000,5.680000,-0.018998,6625743.000000,37529010.000000,1550639850.000000,1959261420.000000,0.024270,27.863101,2012-09-30,2012-10-30,-7.660091,0.670894,31.255266,2.835766,5.571716
sh600760,2013-02-20,5.750000,5.800000,5.620000,5.790000,-0.006861,9427901.000000,53803131.000000,1580669840.000000,1997204860.000000,0.034534,28.402696,2012-09-30,2012-10-30,-7.808436,0.683887,31.860553,2.890683,5.679617
sh600760,2013-02-19,6.060000,6.070000,5.790000,5.830000,-0.039539,8102451.000000,47836712.000000,1591589840.000000,2011002470.000000,0.029679,28.598913,2012-09-30,2012-10-30,-7.862380,0.688611,32.080659,2.910653,5.718854
sh600760,2013-02-18,6.000000,6.090000,5.990000,6.070000,0.013356,6909576.000000,41802809.000000,1657109840.000000,2093788170.000000,0.025310,29.776236,2012-09-30,2012-10-30,-8.186048,0.716959,33.401313,3.030475,5.954281
sh600760,2013-02-08,5.950000,6.000000,5.880000,5.990000,0.006723,5745399.000000,34262075.000000,1635269840.000000,2066192940.000000,0.021045,29.383786,2012-09-30,2012-10-30,-8.078156,0.707510,32.961085,2.990534,5.875804
sh600760,2013-02-07,5.920000,6.090000,5.820000,5.950000,0.000000,7688445.000000,45803930.000000,1624349840.000000,2052395320.000000,0.028163,29.187558,2012-09-30,2012-10-30,-8.024209,0.702785,32.740967,2.970563,5.836564
sh600760,2013-02-06,5.750000,5.970000,5.750000,5.950000,0.025862,9243877.000000,54681614.000000,1624349840.000000,2052395320.000000,0.033860,29.187558,2012-09-30,2012-10-30,-8.024209,0.702785,32.740967,2.970563,5.836564
sh600760,2013-02-05,5.700000,5.840000,5.680000,5.800000,0.017544,7800861.000000,45012086.000000,1583399840.000000,2000654260.000000,0.028575,28.451739,2012-09-30,2012-10-30,-7.821919,0.685068,31.915567,2.895675,5.689424
sh600760,2013-02-04,5.920000,5.990000,5.680000,5.700000,-0.043624,13925840.000000,80505197.000000,1556099850.000000,1966160220.000000,0.051010,27.961188,2012-09-30,2012-10-30,-7.687057,0.673256,31.365294,2.845749,5.591330
sh600760,2013-02-01,6.060000,6.080000,5.880000,5.960000,-0.021346,13457160.000000,80079878.000000,1627079840.000000,2055844720.000000,0.049294,29.236606,2012-09-30,2012-10-30,-8.037693,0.703966,32.795986,2.975554,5.846372
sh600760,2013-01-31,6.220000,6.240000,6.080000,6.090000,-0.017742,9033859.000000,55379929.000000,1662569840.000000,2100686980.000000,0.033091,29.874302,2012-09-30,2012-10-30,-8.213008,0.719321,33.511319,3.040456,5.973891
sh600760,2013-01-30,6.130000,6.290000,6.050000,6.200000,0.006494,15088565.000000,93091986.000000,1692599830.000000,2138630420.000000,0.055269,30.413906,2012-09-30,2012-10-30,-8.361355,0.732313,34.116616,3.095374,6.081794
sh600760,2013-01-29,6.200000,6.220000,6.060000,6.160000,-0.012821,13916725.000000,85331637.000000,1681679830.000000,2124832800.000000,0.050977,30.217672,2012-09-30,2012-10-30,-8.307407,0.727588,33.896492,3.075402,6.042554
sh600760,2013-01-28,6.060000,6.270000,6.050000,6.240000,0.029703,15286684.000000,94839644.000000,1703519830.000000,2152428030.000000,0.055995,30.610125,2012-09-30,2012-10-30,-8.415300,0.737038,34.336723,3.115344,6.121032
sh600760,2013-01-25,6.200000,6.260000,6.040000,6.060000,-0.044164,13900362.000000,85089670.000000,1654379840.000000,2090338760.000000,0.050917,29.727140,2012-09-30,2012-10-30,-8.172550,0.715777,33.346240,3.025478,5.944463
sh600760,2013-01-24,6.180000,6.510000,6.030000,6.340000,0.019293,30752118.000000,194594626.000000,1730819830.000000,2186922070.000000,0.112645,31.100669,2012-09-30,2012-10-30,-8.550160,0.748849,34.886989,3.165269,6.219125
sh600760,2013-01-23,6.050000,6.320000,6.040000,6.220000,0.009740,19836244.000000,123043670.000000,1698059830.000000,2145529230.000000,0.072660,30.512001,2012-09-30,2012-10-30,-8.388324,0.734675,34.226654,3.105358,6.101410
sh600760,2013-01-22,6.070000,6.210000,5.950000,6.160000,0.006536,21431576.000000,130458433.000000,1681679830.000000,2124832800.000000,0.078504,30.217681,2012-09-30,2012-10-30,-8.307410,0.727589,33.896502,3.075403,6.042556
sh600760,2013-01-21,6.140000,6.200000,5.940000,6.120000,-0.016077,26115072.000000,158581770.000000,1670759830.000000,2111035190.000000,0.095660,30.021461,2012-09-30,2012-10-30,-8.253465,0.722864,33.676393,3.055433,6.003318
sh600760,2013-01-18,6.120000,6.330000,6.120000,6.220000,-0.032659,28612365.000000,177934356.000000,1698059830.000000,2145529230.000000,0.104807,30.512002,2012-09-30,2012-10-30,-8.388324,0.734675,34.226655,3.105358,6.101410
sh600760,2013-01-17,6.800000,6.800000,6.430000,6.430000,-0.099440,53840405.000000,353257513.000000,1755389830.000000,2217966710.000000,0.197218,31.542137,2012-09-30,2012-10-30,-8.671527,0.759479,35.382203,3.210200,6.307404
sh600760,2013-01-16,6.380000,7.140000,6.280000,7.140000,0.100154,66940860.000000,466460981.000000,1949219810.000000,2462874380.000000,0.245205,35.025026,2012-09-30,2012-10-30,-9.629039,0.843341,39.289112,3.564671,7.003868
sh600760,2013-01-15,6.820000,6.890000,6.370000,6.490000,0.018838,44258809.000000,294382775.000000,1771769820.000000,2238663130.000000,0.162120,31.836475,2012-09-30,2012-10-30,-8.752447,0.766566,35.712375,3.240156,6.366262
sh600760,2013-01-14,5.730000,6.370000,5.660000,6.370000,0.100173,21125716.000000,129488961.000000,1739009830.000000,2197270280.000000,0.077384,31.247829,2012-09-30,2012-10-30,-8.590617,0.752393,35.052064,3.180247,6.248552
sh600760,2013-01-11,5.680000,5.990000,5.630000,5.790000,0.017575,22123516.000000,129234521.000000,1580669840.000000,1997204860.000000,0.081039,28.402650,2012-09-30,2012-10-30,-7.808423,0.683886,31.860502,2.890679,5.679608
sh600760,2013-01-10,5.570000,5.700000,5.500000,5.690000,0.021544,11245077.000000,62990136.000000,1553369850.000000,1962710820.000000,0.041191,27.912095,2012-09-30,2012-10-30,-7.673561,0.672074,31.310225,2.840752,5.581513
sh600760,2013-01-09,5.530000,5.630000,5.460000,5.570000,-0.003578,9249971.000000,51416768.000000,1520609850.000000,1921317970.000000,0.033883,27.323439,2012-09-30,2012-10-30,-7.511728,0.657900,30.649903,2.780842,5.463801
sh600760,2013-01-08,5.530000,5.740000,5.440000,5.590000,0.012681,13409467.000000,74934071.000000,1526069850.000000,1928216780.000000,0.049119,27.421553,2012-09-30,2012-10-30,-7.538701,0.660263,30.759962,2.790827,5.483421
sh600760,2013-01-07,5.300000,5.820000,5.280000,5.520000,0.037594,17465982.000000,96147415.000000,1506959850.000000,1904070950.000000,0.063978,27.078175,2012-09-30,2012-10-30,-7.444300,0.651995,30.374780,2.755880,5.414756
sh600760,2013-01-04,5.500000,5.580000,5.310000,5.320000,-0.032727,7665315.000000,41323575.000000,1452359860.000000,1835082870.000000,0.028078,26.097081,2012-09-30,2012-10-30,-7.174579,0.628372,29.274244,2.656029,5.218569
