code,date,open,high,low,close,change,volume,money,traded_market_value,market_value,turnover,adjust_price,report_type,report_date,PE_TTM,PS_TTM,PC_TTM,PB,adjust_price_f
sz002016,2014-12-31,8.500000,8.790000,8.250000,8.750000,0.019814,11343404.000000,96857719.830000,5653327590.000000,5653336780.000000,0.017557,48.905747,2014-09-30,2014-10-30,38.888441,7.252210,-7.897547,3.589654,8.526366
sz002016,2014-12-30,9.020000,9.020000,8.580000,8.580000,-0.064340,15420386.000000,134463575.170000,5543491510.000000,5543500520.000000,0.023867,47.955556,2014-09-30,2014-10-30,38.132876,7.111306,-7.744105,3.519911,8.360707
sz002016,2014-12-29,8.840000,9.480000,8.670000,9.170000,0.058891,28903635.000000,262181795.240000,5924687320.000000,5924696950.000000,0.044736,51.253186,2014-09-30,2014-10-30,40.755056,7.600310,-8.276623,3.761955,8.935625
sz002016,2014-12-26,8.730000,8.870000,8.320000,8.660000,-0.004598,21594218.000000,184866709.610000,5595179080.000000,5595188170.000000,0.033423,48.402702,2014-09-30,2014-10-30,38.488434,7.177613,-7.816313,3.552731,8.438664
sz002016,2014-12-25,8.720000,8.760000,8.540000,8.700000,-0.001148,12763245.000000,110419847.100000,5621022860.000000,5621032000.000000,0.019754,48.626286,2014-09-30,2014-10-30,38.666221,7.210769,-7.852418,3.569142,8.477644
sz002016,2014-12-24,8.580000,8.730000,8.420000,8.710000,0.018713,13305947.000000,114382955.470000,5627483810.000000,5627492950.000000,0.020594,48.682173,2014-09-30,2014-10-30,38.710661,7.219056,-7.861443,3.573244,8.487388
sz002016,2014-12-23,8.550000,9.180000,8.550000,8.550000,-0.100000,20638030.000000,180557448.080000,5524108680.000000,5524117650.000000,0.031943,47.787918,2014-09-30,2014-10-30,37.999575,7.086447,-7.717034,3.507606,8.331481
sz002016,2014-12-22,10.350000,10.350000,9.500000,9.500000,-0.099526,12060812.000000,115425116.540000,6137898530.000000,6137908500.000000,0.018667,53.097686,2014-09-30,2014-10-30,42.221750,7.873830,-8.574482,3.897340,9.257201
sz002016,2014-12-19,11.180000,11.180000,10.200000,10.550000,-0.056351,21746945.000000,229053046.730000,6816297840.000000,6816308920.000000,0.033659,58.966374,2014-09-30,2014-10-30,46.888361,8.744095,-9.522187,4.328099,10.280364
sz002016,2014-12-18,11.520000,11.760000,10.800000,11.180000,-0.014109,26803738.000000,303727307.380000,7223337430.000000,7223349170.000000,0.041486,62.487613,2014-09-30,2014-10-30,49.688349,9.266258,-10.090815,4.586556,10.894267
sz002016,2014-12-17,11.060000,11.350000,10.930000,11.340000,0.008000,21429509.000000,238658868.780000,7326712560.000000,7326724470.000000,0.033168,63.381868,2014-09-30,2014-10-30,50.399435,9.398867,-10.235224,4.652194,11.050174
sz002016,2014-12-16,10.930000,11.290000,10.420000,11.250000,0.030220,25989167.000000,283766291.170000,7268564050.000000,7268575860.000000,0.040225,62.878837,2014-09-30,2014-10-30,49.999439,9.324273,-10.153992,4.615271,10.962474
sz002016,2014-12-15,11.500000,11.540000,10.560000,10.920000,-0.033628,31635528.000000,346167960.160000,7055352840.000000,7055364300.000000,0.048964,61.034378,2014-09-30,2014-10-30,48.532779,9.050759,-9.856139,4.479889,10.640906
sz002016,2014-12-12,11.500000,11.600000,10.930000,11.300000,-0.019948,19615037.000000,220979108.990000,7300868780.000000,7300880640.000000,0.030359,63.158264,2014-09-30,2014-10-30,50.221632,9.365709,-10.199115,4.635781,11.011190
sz002016,2014-12-11,11.130000,11.900000,10.980000,11.530000,0.058770,32491840.000000,372628603.810000,7449470530.000000,7449482640.000000,0.050290,64.443789,2014-09-30,2014-10-30,51.243844,9.556339,-10.406708,4.730138,11.235312
sz002016,2014-12-10,9.900000,10.890000,9.900000,10.890000,0.100000,23705395.000000,249195570.750000,7035970000.000000,7035981430.000000,0.036690,60.866656,2014-09-30,2014-10-30,48.399411,9.025887,-9.829055,4.467578,10.611665
sz002016,2014-12-09,10.270000,11.270000,9.580000,9.900000,-0.036027,35954265.000000,379151148.470000,6396336360.000000,6396346760.000000,0.055649,55.333323,2014-09-30,2014-10-30,43.999464,8.205352,-8.935504,4.061435,9.646968
sz002016,2014-12-08,9.550000,10.300000,9.550000,10.270000,0.086772,36986450.000000,368721758.660000,6635391360.000000,6635402140.000000,0.057246,57.401321,2014-09-30,2014-10-30,45.643876,8.512014,-9.269455,4.213225,10.007508
sz002016,2014-12-05,9.750000,9.770000,8.950000,9.450000,-0.034729,28566204.000000,267073309.660000,6105593800.000000,6105603720.000000,0.044214,52.818181,2014-09-30,2014-10-30,41.999496,7.832383,-8.529346,3.876825,9.208471
sz002016,2014-12-04,9.740000,9.900000,9.590000,9.790000,0.005133,17227905.000000,168168294.740000,6325265960.000000,6325276240.000000,0.026665,54.718500,2014-09-30,2014-10-30,43.510575,8.114180,-8.836219,4.016307,9.539778
sz002016,2014-12-03,9.640000,10.200000,9.500000,9.740000,0.014583,21756981.000000,212412415.550000,6292961230.000000,6292971460.000000,0.033675,54.439065,2014-09-30,2014-10-30,43.288375,8.072743,-8.791095,3.995797,9.491060
sz002016,2014-12-02,9.400000,9.870000,9.320000,9.600000,0.012658,20053171.000000,194209174.450000,6202507990.000000,6202518070.000000,0.031038,53.656590,2014-09-30,2014-10-30,42.666175,7.956710,-8.664737,3.938364,9.354642
sz002016,2014-12-01,10.100000,10.100000,9.300000,9.480000,-0.067847,22501220.000000,217139066.790000,6124976640.000000,6124986590.000000,0.034827,52.985895,2014-09-30,2014-10-30,42.132857,7.857253,-8.556430,3.889135,9.237711
sz002016,2014-11-28,9.990000,10.380000,9.750000,10.170000,0.019038,16516644.000000,166238292.160000,6570781900.000000,6570792580.000000,0.025564,56.842487,2014-09-30,2014-10-30,45.199508,8.429145,-9.179212,4.172207,9.910080
sz002016,2014-11-27,10.370000,10.410000,9.720000,9.980000,-0.037608,23057685.000000,232669832.390000,6448023930.000000,6448034410.000000,0.035688,55.780537,2014-09-30,2014-10-30,44.355076,8.271669,-9.007723,4.094260,9.724936
sz002016,2014-11-26,10.110000,10.480000,10.010000,10.370000,0.017664,17658508.000000,180845503.760000,6700000820.000000,6700011700.000000,0.027331,57.960309,2014-09-30,2014-10-30,46.088367,8.594906,-9.359723,4.254254,10.104964
sz002016,2014-11-25,10.120000,10.280000,9.910000,10.190000,0.000000,18396818.000000,185009954.490000,6583703790.000000,6583714490.000000,0.028474,56.954268,2014-09-30,2014-10-30,45.288393,8.445721,-9.197263,4.180411,9.929568
sz002016,2014-11-24,9.880000,10.540000,9.880000,10.190000,0.031377,42310637.000000,434564849.470000,6583703790.000000,6583714490.000000,0.065487,56.954268,2014-09-30,2014-10-30,45.288393,8.445721,-9.197263,4.180411,9.929568
sz002016,2014-11-21,9.100000,9.970000,9.090000,9.880000,0.090508,38613746.000000,372932444.300000,6383414470.000000,6383424840.000000,0.059765,55.221581,2014-09-30,2014-10-30,43.910610,8.188782,-8.917459,4.053233,9.627486
sz002016,2014-11-20,9.100000,9.140000,8.920000,9.060000,-0.014146,10951994.000000,98951675.560000,5853616910.000000,5853626430.000000,0.016951,50.638401,2014-09-30,2014-10-30,40.266197,7.509144,-8.177344,3.716830,8.828442
sz002016,2014-11-19,9.230000,9.480000,9.100000,9.190000,-0.018162,15456900.000000,142860301.720000,5937609210.000000,5937618860.000000,0.023924,51.365010,2014-09-30,2014-10-30,40.843976,7.616893,-8.294681,3.770163,8.955121
sz002016,2014-11-18,9.160000,9.580000,9.130000,9.360000,0.009709,27488670.000000,256913733.530000,6047445290.000000,6047455120.000000,0.042546,52.315158,2014-09-30,2014-10-30,41.599506,7.757790,-8.448116,3.839903,9.120772
sz002016,2014-11-17,8.900000,9.430000,8.780000,9.270000,0.045096,28463602.000000,259509991.660000,5989296780.000000,5989306510.000000,0.044055,51.812114,2014-09-30,2014-10-30,41.199500,7.683193,-8.366882,3.802980,9.033070
sz002016,2014-11-14,8.450000,9.100000,8.320000,8.870000,0.044759,29260294.000000,258322159.960000,5730858940.000000,5730868260.000000,0.045288,49.576416,2014-09-30,2014-10-30,39.421737,7.351663,-8.005850,3.638881,8.643292
sz002016,2014-11-13,8.400000,8.550000,8.210000,8.490000,0.000000,12153625.000000,101869985.490000,5485343000.000000,5485351920.000000,0.018811,47.452490,2014-09-30,2014-10-30,37.732853,7.036707,-7.662867,3.482986,8.273001
sz002016,2014-11-12,8.220000,8.530000,8.160000,8.490000,0.032847,11841555.000000,99223421.810000,5485343000.000000,5485351920.000000,0.018328,47.452490,2014-09-30,2014-10-30,37.732853,7.036707,-7.662867,3.482986,8.273001
sz002016,2014-11-11,8.570000,8.680000,8.130000,8.220000,-0.037471,16385607.000000,136974114.290000,5310897460.000000,5310906100.000000,0.025361,45.943388,2014-09-30,2014-10-30,36.532858,6.812923,-7.419170,3.372219,8.009900
sz002016,2014-11-10,8.400000,8.590000,8.310000,8.540000,0.025210,21441994.000000,181851267.610000,5517647730.000000,5517656700.000000,0.033187,47.731952,2014-09-30,2014-10-30,37.955072,7.078148,-7.707996,3.503498,8.321723
sz002016,2014-11-07,8.310000,8.400000,8.160000,8.330000,-0.004779,13674413.000000,113138114.440000,5381967870.000000,5381976610.000000,0.021165,46.558219,2014-09-30,2014-10-30,37.021754,6.904096,-7.518456,3.417347,8.117091
sz002016,2014-11-06,8.240000,8.470000,8.210000,8.370000,0.018248,10013107.000000,83588744.500000,5407811650.000000,5407820440.000000,0.015498,46.781789,2014-09-30,2014-10-30,37.199531,6.937249,-7.554559,3.433757,8.156069
sz002016,2014-11-05,8.290000,8.300000,8.160000,8.220000,-0.007246,4270328.000000,35095269.980000,5310897460.000000,5310906100.000000,0.006609,45.943414,2014-09-30,2014-10-30,36.532879,6.812927,-7.419174,3.372221,8.009905
sz002016,2014-11-04,8.450000,8.450000,8.190000,8.280000,-0.018957,7928382.000000,65844053.240000,5349663140.000000,5349671830.000000,0.012271,46.278749,2014-09-30,2014-10-30,36.799528,6.862654,-7.473326,3.396834,8.068368
sz002016,2014-11-03,8.370000,8.520000,8.320000,8.440000,0.021792,15698621.000000,132238058.170000,5453038270.000000,5453047130.000000,0.024298,47.173008,2014-09-30,2014-10-30,37.510617,6.995263,-7.617735,3.462472,8.224276
sz002016,2014-10-31,8.220000,8.330000,8.110000,8.260000,0.007317,9089638.000000,74871526.440000,5336741250.000000,5336749920.000000,0.014069,46.166938,2014-09-30,2014-10-30,36.710619,6.846073,-7.455270,3.388627,8.048874
sz002016,2014-10-30,8.310000,8.400000,8.130000,8.200000,-0.016787,14111538.000000,116399852.290000,5297975570.000000,5297984180.000000,0.021841,45.831588,2014-09-30,2014-10-30,36.443959,6.796344,-7.401116,3.364013,7.990409
sz002016,2014-10-29,7.930000,8.340000,7.880000,8.340000,0.054362,17486789.000000,142635944.440000,5388428810.000000,5388437570.000000,0.027065,46.614099,2014-06-30,2014-08-28,29.700537,5.811065,-7.329058,3.399826,8.126834
sz002016,2014-10-28,7.880000,7.990000,7.850000,7.910000,0.024611,5593470.000000,44212195.240000,5110608140.000000,5110616450.000000,0.008657,44.210716,2014-06-30,2014-08-28,28.169203,5.511451,-6.951179,3.224534,7.707821
sz002016,2014-10-27,7.880000,7.920000,7.680000,7.720000,-0.015306,4130275.000000,32150560.460000,4987850170.000000,4987858280.000000,0.006393,43.148782,2014-06-30,2014-08-28,27.492583,5.379067,-6.784212,3.147081,7.522681
sz002016,2014-10-24,7.850000,7.910000,7.760000,7.840000,0.000000,2372089.000000,18603466.220000,5065381520.000000,5065389750.000000,0.003671,43.819483,2014-06-30,2014-08-28,27.919925,5.462679,-6.889665,3.195999,7.639612
sz002016,2014-10-23,7.980000,8.100000,7.740000,7.840000,-0.023661,3872621.000000,30602514.410000,5065381520.000000,5065389750.000000,0.005994,43.819483,2014-06-30,2014-08-28,27.919925,5.462679,-6.889665,3.195999,7.639612
sz002016,2014-10-22,8.120000,8.280000,7.980000,8.030000,-0.011084,6375380.000000,52080978.450000,5188139490.000000,5188147920.000000,0.009868,44.881422,2014-06-30,2014-08-28,28.596548,5.595063,-7.056632,3.273452,7.824754
sz002016,2014-10-21,7.950000,8.330000,7.900000,8.120000,0.025253,10351766.000000,84026826.370000,5246288010.000000,5246296530.000000,0.016022,45.384463,2014-06-30,2014-08-28,28.917065,5.657774,-7.135725,3.310142,7.912456
sz002016,2014-10-20,7.900000,7.950000,7.860000,7.920000,0.007634,4294813.000000,33941584.390000,5117069090.000000,5117077410.000000,0.006647,44.266599,2014-06-30,2014-08-28,28.204809,5.518418,-6.959965,3.228610,7.717564
sz002016,2014-10-17,8.060000,8.150000,7.680000,7.860000,-0.029630,11211875.000000,88021210.430000,5078303410.000000,5078311670.000000,0.017353,43.931228,2014-06-30,2014-08-28,27.991125,5.476609,-6.907235,3.204149,7.659094
sz002016,2014-10-16,8.330000,8.380000,8.100000,8.100000,-0.033413,11228086.000000,92592336.270000,5233366110.000000,5233374620.000000,0.017378,45.272657,2014-06-30,2014-08-28,28.845826,5.643836,-7.118146,3.301987,7.892963
sz002016,2014-10-15,8.360000,8.410000,8.180000,8.380000,0.002392,10837438.000000,89545598.680000,5414272600.000000,5414281400.000000,0.016774,46.837643,2014-06-30,2014-08-28,29.842970,5.838932,-7.364206,3.416130,8.165807
sz002016,2014-10-14,8.630000,8.770000,8.290000,8.360000,-0.034642,14586981.000000,123502525.090000,5401350710.000000,5401359480.000000,0.022577,46.725875,2014-06-30,2014-08-28,29.771755,5.824999,-7.346633,3.407978,8.146321
sz002016,2014-10-13,8.480000,8.920000,8.460000,8.660000,0.009324,19479570.000000,169887346.690000,5595179080.000000,5595188170.000000,0.030150,48.402639,2014-06-30,2014-08-28,30.840119,6.034030,-7.610268,3.530274,8.438653
sz002016,2014-10-10,8.240000,8.580000,8.180000,8.580000,0.040000,19996334.000000,168368018.170000,5543491510.000000,5543500520.000000,0.030950,47.955502,2014-06-30,2014-08-28,30.555222,5.978288,-7.539965,3.497662,8.360698
sz002016,2014-10-09,8.350000,8.460000,8.180000,8.250000,-0.013158,7692751.000000,63710711.720000,5330280300.000000,5330288960.000000,0.011907,46.111059,2014-06-30,2014-08-28,29.380021,5.748354,-7.249966,3.363136,8.039132
sz002016,2014-10-08,8.330000,8.460000,8.170000,8.360000,0.019512,12480886.000000,103455586.830000,5401350710.000000,5401359480.000000,0.019317,46.725879,2014-06-30,2014-08-28,29.771758,5.824999,-7.346633,3.407979,8.146322
sz002016,2014-09-30,8.370000,8.400000,8.160000,8.200000,-0.020311,13309712.000000,109623448.350000,5297975570.000000,5297984180.000000,0.020600,45.831612,2014-06-30,2014-08-28,29.201969,5.713517,-7.206029,3.342755,7.990413
sz002016,2014-09-29,8.310000,8.390000,8.200000,8.370000,0.019488,15902778.000000,132285624.290000,5407811650.000000,5407820440.000000,0.024614,46.781797,2014-06-30,2014-08-28,29.807387,5.831970,-7.355425,3.412057,8.156071
sz002016,2014-09-26,7.850000,8.270000,7.840000,8.210000,0.041878,20009770.000000,162589013.050000,5304436520.000000,5304445140.000000,0.030970,45.887541,2014-06-30,2014-08-28,29.237605,5.720489,-7.214823,3.346834,8.000164
sz002016,2014-09-25,7.800000,7.960000,7.690000,7.880000,0.012853,13666343.000000,107301097.320000,5091225310.000000,5091233580.000000,0.021152,44.043104,2014-06-30,2014-08-28,28.062407,5.490556,-6.924825,3.212309,7.678599
sz002016,2014-09-24,7.780000,7.840000,7.690000,7.780000,0.000000,7449086.000000,57849838.210000,5026615850.000000,5026624020.000000,0.011529,43.484201,2014-06-30,2014-08-28,27.706298,5.420881,-6.836950,3.171545,7.581159
sz002016,2014-09-23,7.820000,7.840000,7.690000,7.780000,-0.003841,6636877.000000,51555481.200000,5026615850.000000,5026624020.000000,0.010272,43.484201,2014-06-30,2014-08-28,27.706298,5.420881,-6.836950,3.171545,7.581159
sz002016,2014-09-22,7.660000,7.860000,7.610000,7.810000,0.019582,9707986.000000,75163645.690000,5045998690.000000,5046006890.000000,0.015026,43.651868,2014-06-30,2014-08-28,27.813128,5.441783,-6.863312,3.183774,7.610390
sz002016,2014-09-19,7.600000,7.730000,7.590000,7.660000,0.005249,6045332.000000,46334373.160000,4949084500.000000,4949092540.000000,0.009357,42.813494,2014-06-30,2014-08-28,27.278952,5.337269,-6.731496,3.122627,7.464226
sz002016,2014-09-18,7.640000,7.780000,7.500000,7.620000,-0.009103,10612108.000000,80940553.160000,4923240710.000000,4923248720.000000,0.016425,42.589940,2014-06-30,2014-08-28,27.136512,5.309400,-6.696346,3.106322,7.425250
sz002016,2014-09-17,7.980000,8.060000,7.380000,7.690000,-0.036341,20202982.000000,155118862.690000,4968467340.000000,4968475410.000000,0.031269,42.981198,2014-06-30,2014-08-28,27.385805,5.358175,-6.757863,3.134858,7.493463
sz002016,2014-09-16,8.130000,8.320000,7.980000,7.980000,-0.020859,11997581.000000,97798907.330000,5155834760.000000,5155843140.000000,0.018569,44.602082,2014-06-30,2014-08-28,28.418564,5.560240,-7.012712,3.253078,7.776053
sz002016,2014-09-15,8.220000,8.240000,8.080000,8.150000,-0.004884,7686270.000000,62533370.870000,5265670840.000000,5265679400.000000,0.011897,45.552256,2014-06-30,2014-08-28,29.023975,5.678692,-7.162107,3.322380,7.941709
sz002016,2014-09-12,8.050000,8.240000,8.010000,8.190000,0.012361,9656387.000000,78769724.660000,5291514630.000000,5291523230.000000,0.014946,45.775825,2014-06-30,2014-08-28,29.166424,5.706563,-7.197258,3.338686,7.980687
sz002016,2014-09-11,8.050000,8.170000,7.970000,8.090000,0.002478,11734089.000000,94541517.840000,5226905170.000000,5226913660.000000,0.018162,45.216899,2014-06-30,2014-08-28,28.810300,5.636885,-7.109379,3.297920,7.883242
sz002016,2014-09-10,8.170000,8.170000,7.970000,8.070000,-0.015854,14455734.000000,116258295.440000,5213983280.000000,5213991750.000000,0.022374,45.105129,2014-06-30,2014-08-28,28.739085,5.622951,-7.091806,3.289768,7.863756
sz002016,2014-09-09,8.420000,8.440000,8.170000,8.200000,-0.023810,14883068.000000,122527529.150000,5297975570.000000,5297984180.000000,0.023035,45.831745,2014-06-30,2014-08-28,29.202054,5.713534,-7.206050,3.342764,7.990436
sz002016,2014-09-05,8.360000,8.440000,8.300000,8.400000,0.004785,10632586.000000,89012551.590000,5427194490.000000,5427203310.000000,0.016457,46.949616,2014-06-30,2014-08-28,29.914314,5.852891,-7.381811,3.424297,8.185329
sz002016,2014-09-04,8.370000,8.450000,8.250000,8.360000,-0.001195,9527825.000000,79410370.890000,5401350710.000000,5401359480.000000,0.014747,46.726032,2014-06-30,2014-08-28,29.771855,5.825018,-7.346657,3.407990,8.146348
sz002016,2014-09-03,8.210000,8.430000,8.210000,8.370000,0.019488,20842553.000000,174024709.710000,5407811650.000000,5407820440.000000,0.032259,46.781936,2014-06-30,2014-08-28,29.807475,5.831988,-7.355447,3.412067,8.156095
sz002016,2014-09-02,8.200000,8.290000,8.080000,8.210000,0.011084,13987852.000000,114184367.360000,5304436520.000000,5304445140.000000,0.021650,45.887677,2014-06-30,2014-08-28,29.237691,5.720506,-7.214844,3.346844,8.000187
sz002016,2014-09-01,8.130000,8.240000,8.040000,8.120000,-0.001230,11927152.000000,97229168.690000,5246288010.000000,5246296530.000000,0.018460,45.384634,2014-06-30,2014-08-28,28.917173,5.657795,-7.135752,3.310154,7.912485
sz002016,2014-08-29,8.110000,8.180000,7.990000,8.130000,0.000000,5979412.000000,48362212.440000,5252748950.000000,5252757490.000000,0.009255,45.440526,2014-06-30,2014-08-28,28.952785,5.664763,-7.144539,3.314231,7.922230
sz002016,2014-08-28,8.110000,8.370000,7.970000,8.130000,0.002466,11768512.000000,96500692.060000,5252748950.000000,5252757490.000000,0.018215,45.440526,2014-06-30,2014-08-28,28.952785,5.664763,-7.144539,3.314231,7.922230
sz002016,2014-08-27,8.050000,8.130000,7.970000,8.110000,0.007453,5124757.000000,41314842.380000,5239827060.000000,5239835580.000000,0.007932,45.328745,2014-03-31,2014-04-29,32.007149,5.805030,-7.677897,3.280884,7.902741
sz002016,2014-08-26,8.340000,8.500000,8.000000,8.050000,-0.034772,9228026.000000,75446477.050000,5201061390.000000,5201069840.000000,0.014283,44.993409,2014-03-31,2014-04-29,31.770364,5.762086,-7.621097,3.256613,7.844278
sz002016,2014-08-25,8.170000,8.580000,8.080000,8.340000,0.029630,11559205.000000,96387216.560000,5388428810.000000,5388437570.000000,0.017891,46.614281,2014-03-31,2014-04-29,32.914880,5.969663,-7.895644,3.373931,8.126865
sz002016,2014-08-22,8.150000,8.200000,8.050000,8.100000,-0.004914,5447253.000000,44227196.170000,5233366110.000000,5233374620.000000,0.008431,45.272846,2014-03-31,2014-04-29,31.967678,5.797872,-7.668429,3.276838,7.892996
sz002016,2014-08-21,8.060000,8.160000,8.020000,8.140000,0.004938,6089830.000000,49328544.450000,5259209900.000000,5259218440.000000,0.009426,45.496416,2014-03-31,2014-04-29,32.125543,5.826503,-7.706297,3.293020,7.931974
sz002016,2014-08-20,8.100000,8.260000,8.020000,8.100000,-0.001233,5714838.000000,46489916.490000,5233366110.000000,5233374620.000000,0.008845,45.272858,2014-03-31,2014-04-29,31.967687,5.797873,-7.668431,3.276839,7.892998
sz002016,2014-08-19,8.300000,8.320000,7.990000,8.110000,-0.020531,10367600.000000,84039085.700000,5239827060.000000,5239835580.000000,0.016047,45.328749,2014-03-31,2014-04-29,32.007151,5.805031,-7.677898,3.280885,7.902742
sz002016,2014-08-18,8.310000,8.470000,8.190000,8.280000,-0.004808,11278372.000000,93760297.360000,5349663140.000000,5349671830.000000,0.017456,46.278901,2014-03-31,2014-04-29,32.678065,5.926712,-7.838837,3.349656,8.068394
sz002016,2014-08-15,8.300000,8.400000,8.270000,8.320000,-0.003593,7229603.000000,60230930.080000,5375506920.000000,5375515660.000000,0.011190,46.502485,2014-03-31,2014-04-29,32.835940,5.955346,-7.876708,3.365839,8.107375
sz002016,2014-08-14,8.350000,8.440000,8.230000,8.350000,0.009674,10906261.000000,90819903.370000,5394889760.000000,5394898530.000000,0.016880,46.670171,2014-03-31,2014-04-29,32.954345,5.976820,-7.905111,3.377976,8.136609
sz002016,2014-08-13,8.350000,8.480000,8.200000,8.270000,-0.010766,10682445.000000,88957440.230000,5343202190.000000,5343210880.000000,0.016534,46.223009,2014-03-31,2014-04-29,32.638599,5.919555,-7.829370,3.345611,8.058650
sz002016,2014-08-12,8.020000,8.580000,8.010000,8.360000,0.042394,21981429.000000,183195089.840000,5401350710.000000,5401359480.000000,0.034022,46.726062,2014-03-31,2014-04-29,32.993810,5.983978,-7.914578,3.382022,8.146354
sz002016,2014-08-11,8.040000,8.210000,7.970000,8.020000,0.008805,10124463.000000,81635547.960000,5181678550.000000,5181686970.000000,0.015670,44.825720,2014-03-31,2014-04-29,31.651957,5.740611,-7.592693,3.244476,7.815043
sz002016,2014-08-08,7.920000,8.020000,7.740000,7.950000,0.008883,10640894.000000,83715503.850000,5136451930.000000,5136460270.000000,0.016470,44.434475,2014-03-31,2014-04-29,31.375694,5.690506,-7.526423,3.216157,7.746832
sz002016,2014-08-07,7.820000,8.190000,7.820000,7.880000,0.016774,13806899.000000,110457052.270000,5091225310.000000,5091233580.000000,0.021370,44.043239,2014-03-31,2014-04-29,31.099438,5.640402,-7.460155,3.187840,7.678623
sz002016,2014-08-06,7.850000,7.870000,7.700000,7.750000,-0.018987,8825430.000000,68830262.540000,5007233010.000000,5007241150.000000,0.013660,43.316645,2014-03-31,2014-04-29,30.586382,5.547351,-7.337082,3.135249,7.551946
sz002016,2014-08-05,7.970000,7.970000,7.720000,7.900000,-0.010025,9583681.000000,75124517.970000,5104147200.000000,5104155490.000000,0.014833,44.155017,2014-03-31,2014-04-29,31.178366,5.654717,-7.479088,3.195930,7.698110
sz002016,2014-08-04,7.820000,8.030000,7.670000,7.980000,0.016561,12616903.000000,99476438.630000,5155834760.000000,5155843140.000000,0.019528,44.602153,2014-03-31,2014-04-29,31.494094,5.711979,-7.554825,3.228294,7.776065
sz002016,2014-08-01,7.920000,8.040000,7.800000,7.850000,-0.018750,14630931.000000,115608714.630000,5071842470.000000,5071850710.000000,0.022645,43.875531,2014-03-31,2014-04-29,30.981017,5.618924,-7.431748,3.175701,7.649384
sz002016,2014-07-31,8.230000,8.480000,7.760000,8.000000,0.010101,31464298.000000,252988003.260000,5168756660.000000,5168765060.000000,0.048699,44.713917,2014-03-31,2014-04-29,31.573011,5.726292,-7.573756,3.236383,7.795551
sz002016,2014-07-30,8.100000,8.540000,7.900000,7.920000,0.000000,36022189.000000,293075963.380000,5117069090.000000,5117077410.000000,0.055754,44.266778,2014-03-31,2014-04-29,31.257282,5.669030,-7.498018,3.204019,7.717595
sz002016,2014-07-29,7.300000,7.920000,7.240000,7.920000,0.100000,27310741.000000,207106780.680000,5117069090.000000,5117077410.000000,0.042270,44.266778,2014-03-31,2014-04-29,31.257282,5.669030,-7.498018,3.204019,7.717595
sz002016,2014-07-28,7.080000,7.380000,6.970000,7.200000,0.016949,12243479.000000,87813521.530000,4651880990.000000,4651888550.000000,0.018950,40.242525,2014-03-31,2014-04-29,28.415711,5.153663,-6.816380,2.912745,7.015996
sz002016,2014-07-25,7.040000,7.150000,6.910000,7.080000,0.001414,6239645.000000,43894495.420000,4574349640.000000,4574357070.000000,0.009657,39.571822,2014-03-31,2014-04-29,27.942120,5.067770,-6.702775,2.864200,6.899063
sz002016,2014-07-24,6.910000,7.220000,6.910000,7.070000,0.014347,6948390.000000,49351824.120000,4567888690.000000,4567896120.000000,0.010754,39.515947,2014-03-31,2014-04-29,27.902665,5.060614,-6.693311,2.860155,6.889322
sz002016,2014-07-23,7.100000,7.200000,6.900000,6.970000,-0.030598,5085848.000000,35798418.660000,4503279240.000000,4503286560.000000,0.007872,38.957030,2014-03-31,2014-04-29,27.508008,4.989036,-6.598640,2.819701,6.791879
sz002016,2014-07-22,7.250000,7.370000,7.100000,7.190000,0.001393,5608385.000000,40309221.460000,4645420040.000000,4645427590.000000,0.008680,40.186662,2014-03-31,2014-04-29,28.376265,5.146509,-6.806918,2.908702,7.006256
sz002016,2014-07-21,7.260000,7.410000,7.100000,7.180000,-0.012380,3656820.000000,26347559.150000,4638959100.000000,4638966640.000000,0.005660,40.130760,2014-03-31,2014-04-29,28.336792,5.139350,-6.797449,2.904655,6.996510
sz002016,2014-07-18,7.380000,7.440000,7.200000,7.270000,-0.017568,5601556.000000,40980620.900000,4697107610.000000,4697115240.000000,0.008670,40.633806,2014-03-31,2014-04-29,28.691999,5.203773,-6.882656,2.941066,7.084213
sz002016,2014-07-17,7.350000,7.600000,7.200000,7.400000,-0.008043,6194034.000000,45482931.050000,4781099910.000000,4781107680.000000,0.009587,41.360426,2014-03-31,2014-04-29,29.205073,5.296827,-7.005733,2.993658,7.210894
sz002016,2014-07-16,7.340000,7.650000,7.340000,7.460000,0.009472,15428957.000000,116337840.390000,4819865580.000000,4819873410.000000,0.023880,41.695785,2014-03-31,2014-04-29,29.441874,5.339775,-7.062537,3.017932,7.269361
sz002016,2014-07-15,7.000000,7.440000,6.980000,7.390000,0.054208,15880773.000000,115475344.310000,4774638960.000000,4774646720.000000,0.024580,41.304549,2014-03-31,2014-04-29,29.165618,5.289671,-6.996268,2.989614,7.201152
sz002016,2014-07-14,7.040000,7.130000,6.740000,7.010000,-0.004261,10348772.000000,71576337.830000,4529123020.000000,4529130380.000000,0.016017,39.180644,2014-03-31,2014-04-29,27.665904,5.017673,-6.636516,2.835886,6.830864
sz002016,2014-07-11,7.000000,7.260000,7.000000,7.040000,-0.008451,6956228.000000,49600107.700000,4548505860.000000,4548513250.000000,0.010767,39.348308,2014-03-31,2014-04-29,27.784293,5.039145,-6.664915,2.848022,6.860095
sz002016,2014-07-10,6.940000,7.260000,6.940000,7.100000,0.012839,8036677.000000,57416432.000000,4587271530.000000,4587278990.000000,0.012439,39.683674,2014-03-31,2014-04-29,28.021099,5.082094,-6.721721,2.872295,6.918564
sz002016,2014-07-09,7.090000,7.280000,6.990000,7.010000,0.000000,10637533.000000,75607481.670000,4529123020.000000,4529130380.000000,0.016464,39.180634,2014-03-31,2014-04-29,27.665897,5.017672,-6.636514,2.835885,6.830862
sz002016,2014-07-08,6.690000,7.180000,6.650000,7.010000,0.046269,18797347.000000,130540837.150000,4529123020.000000,4529130380.000000,0.029094,39.180634,2014-03-31,2014-04-29,27.665897,5.017672,-6.636514,2.835885,6.830862
sz002016,2014-07-07,6.560000,6.740000,6.400000,6.700000,0.026034,8705534.000000,57969056.010000,4328833700.000000,4328840730.000000,0.013474,37.447955,2014-03-31,2014-04-29,26.442432,4.795776,-6.343029,2.710475,6.528782
sz002016,2014-07-04,6.550000,6.750000,6.520000,6.530000,-0.003053,9926382.000000,66037798.950000,4218997620.000000,4219004480.000000,0.015364,36.497772,2014-03-31,2014-04-29,25.771497,4.674091,-6.182084,2.641700,6.363125
sz002016,2014-07-03,6.250000,6.630000,6.240000,6.550000,0.046326,13162914.000000,85586630.120000,4231919510.000000,4231926390.000000,0.020373,36.609541,2014-03-31,2014-04-29,25.850418,4.688405,-6.201016,2.649790,6.382611
sz002016,2014-07-02,6.100000,6.360000,6.100000,6.260000,0.026230,6240561.000000,38945476.340000,4044552080.000000,4044558660.000000,0.009659,34.988656,2014-03-31,2014-04-29,24.705893,4.480826,-5.926467,2.532471,6.100021
sz002016,2014-07-01,6.060000,6.100000,6.000000,6.100000,0.003289,3207136.000000,19388411.510000,3941176950.000000,3941183360.000000,0.004964,34.094361,2014-03-31,2014-04-29,24.074421,4.366298,-5.774989,2.467742,5.944107
sz002016,2014-06-30,6.170000,6.170000,6.030000,6.080000,0.000000,3071598.000000,18699807.970000,3928255060.000000,3928261440.000000,0.004754,33.982592,2014-03-31,2014-04-29,23.995500,4.351984,-5.756057,2.459652,5.924621
sz002016,2014-06-27,6.030000,6.090000,5.970000,6.080000,0.006623,3415339.000000,20672264.980000,3928255060.000000,3928261440.000000,0.005286,33.982592,2014-03-31,2014-04-29,23.995500,4.351984,-5.756057,2.459652,5.924621
sz002016,2014-06-26,6.000000,6.070000,5.980000,6.040000,0.006667,4560193.000000,27513633.420000,3902411280.000000,3902417620.000000,0.007058,33.759006,2014-03-31,2014-04-29,23.837623,4.323351,-5.718185,2.443469,5.885641
sz002016,2014-06-25,6.070000,6.140000,5.940000,6.000000,-0.029126,5893912.000000,35595892.100000,3876567490.000000,3876573790.000000,0.009122,33.535426,2014-03-31,2014-04-29,23.679750,4.294718,-5.680315,2.427287,5.846661
sz002016,2014-06-24,6.490000,6.490000,5.850000,6.180000,-0.049231,13188873.000000,81493159.970000,3992864520.000000,3992871010.000000,0.020413,34.541481,2014-03-31,2014-04-29,24.390137,4.423558,-5.850723,2.500105,6.022059
sz002016,2014-06-23,6.430000,6.510000,6.300000,6.500000,0.006192,7528278.000000,48486431.720000,4199614780.000000,4199621610.000000,0.011652,36.330045,2014-03-31,2014-04-29,25.653063,4.652611,-6.153675,2.629560,6.333883
sz002016,2014-06-20,6.340000,6.530000,6.310000,6.460000,0.023772,6201383.000000,39992703.780000,4173771000.000000,4173777780.000000,0.009598,36.106474,2014-03-31,2014-04-29,25.495197,4.623979,-6.115805,2.613378,6.294905
sz002016,2014-06-19,6.410000,6.530000,6.280000,6.310000,-0.023220,6270938.000000,40236226.140000,4076856810.000000,4076863440.000000,0.009706,35.268081,2014-03-31,2014-04-29,24.903198,4.516611,-5.973796,2.552696,6.148737
sz002016,2014-06-18,6.430000,6.520000,6.380000,6.460000,0.003106,8760322.000000,56667422.060000,4173771000.000000,4173777780.000000,0.013559,36.106474,2014-03-31,2014-04-29,25.495197,4.623979,-6.115805,2.613378,6.294905
sz002016,2014-06-17,6.380000,6.480000,6.260000,6.440000,0.004680,6783292.000000,43445545.640000,4160849110.000000,4160855870.000000,0.010499,35.994674,2014-03-31,2014-04-29,25.416254,4.609662,-6.096869,2.605286,6.275413
sz002016,2014-06-16,6.030000,6.500000,6.020000,6.410000,0.050820,13057569.000000,81784031.280000,4141466270.000000,4141473000.000000,0.020210,35.827004,2014-03-31,2014-04-29,25.297860,4.588189,-6.068468,2.593150,6.246181
sz002016,2014-06-13,5.800000,6.150000,5.660000,6.100000,0.049914,13493573.000000,79781184.060000,3941176950.000000,3941183360.000000,0.020885,34.094330,2014-03-31,2014-04-29,24.074399,4.366294,-5.774983,2.467740,5.944102
sz002016,2014-06-12,5.920000,5.940000,5.800000,5.810000,-0.018334,6611444.000000,38715893.410000,3753809520.000000,3753815620.000000,0.010233,32.473450,2014-03-31,2014-04-29,22.929877,4.158716,-5.500435,2.350421,5.661513
sz002016,2014-06-11,6.020000,6.040000,5.900000,6.000000,-0.011532,6215488.000000,37049245.970000,3876567490.000000,3876573790.000000,0.009620,33.079938,2014-03-31,2014-04-29,23.358125,4.236386,-5.603163,2.394318,5.767250
sz002016,2014-06-10,6.130000,6.300000,5.900000,6.070000,-0.074695,13753100.000000,83035777.220000,3921794110.000000,3921800490.000000,0.021287,33.465866,2014-03-31,2014-04-29,23.630633,4.285810,-5.668533,2.422252,5.834534
sz002016,2014-03-27,6.450000,6.690000,6.340000,6.560000,0.018634,15848355.000000,104271330.640000,4238380460.000000,4238387350.000000,0.024529,36.167389,2013-12-31,2014-03-12,7.644304,4.356139,22.599201,2.653707,6.305525
sz002016,2014-03-26,6.490000,6.510000,6.380000,6.440000,-0.009231,5254047.000000,33827718.750000,4160849110.000000,4160855870.000000,0.008132,35.505775,2013-12-31,2014-03-12,7.504466,4.276452,22.185791,2.605162,6.190177
sz002016,2014-03-25,6.520000,6.600000,6.410000,6.500000,-0.010654,9533705.000000,61979866.320000,4199614780.000000,4199621610.000000,0.014756,35.836582,2013-12-31,2014-03-12,7.574385,4.316295,22.392496,2.629435,6.247851
sz002016,2014-03-24,6.360000,6.680000,6.300000,6.570000,0.044515,15517850.000000,100672595.100000,4244841400.000000,4244848300.000000,0.024018,36.222497,2013-12-31,2014-03-12,7.655952,4.362776,22.633635,2.657750,6.315132
sz002016,2014-03-21,6.090000,6.320000,6.010000,6.290000,0.027778,9215728.000000,57355324.180000,4063934920.000000,4063941530.000000,0.014264,34.678771,2013-12-31,2014-03-12,7.329671,4.176844,21.669038,2.544483,6.045995
sz002016,2014-03-20,6.210000,6.330000,6.120000,6.120000,-0.020800,7911014.000000,49429102.930000,3954098840.000000,3954105270.000000,0.012244,33.741500,2013-12-31,2014-03-12,7.131571,4.063956,21.083383,2.475712,5.882588
sz002016,2014-03-19,6.100000,6.340000,5.950000,6.250000,0.022913,10964564.000000,67470522.150000,4038091140.000000,4038097700.000000,0.016971,34.458231,2013-12-31,2014-03-12,7.283058,4.150281,21.531233,2.528301,6.007545
sz002016,2014-03-18,6.110000,6.140000,6.060000,6.110000,-0.003263,3479915.000000,21231011.230000,3947637900.000000,3947644310.000000,0.005386,33.686375,2013-12-31,2014-03-12,7.119920,4.057316,21.048939,2.471668,5.872978
sz002016,2014-03-17,6.100000,6.180000,6.060000,6.130000,0.009885,3308909.000000,20213534.150000,3960559790.000000,3960566220.000000,0.005121,33.796653,2013-12-31,2014-03-12,7.143228,4.070599,21.117846,2.479759,5.892204
sz002016,2014-03-14,6.160000,6.160000,6.040000,6.070000,-0.019386,3657000.000000,22294795.490000,3921794110.000000,3921800490.000000,0.005660,33.465844,2013-12-31,2014-03-12,7.073308,4.030755,20.911140,2.455487,5.834530
sz002016,2014-03-13,6.260000,6.300000,6.150000,6.190000,-0.014331,5058674.000000,31430387.840000,3999325460.000000,3999331960.000000,0.007830,34.127438,2013-12-31,2014-03-12,7.213142,4.110440,21.324537,2.504030,5.949874
sz002016,2014-03-12,6.140000,6.370000,6.070000,6.280000,0.014540,6561672.000000,40825052.370000,4057473970.000000,4057480570.000000,0.010156,34.623629,2013-12-31,2014-03-12,7.318017,4.170203,21.634582,2.540437,6.036381
sz002016,2014-03-11,6.050000,6.220000,6.040000,6.190000,0.023140,3564108.000000,21881253.250000,3999325460.000000,3999331960.000000,0.005516,34.127417,2013-09-30,2013-10-29,6.671380,4.002280,29.406346,2.700038,5.949870
sz002016,2014-03-10,6.230000,6.230000,6.030000,6.050000,-0.032000,2520086.000000,15400522.940000,3908872220.000000,3908878570.000000,0.003900,33.355569,2013-09-30,2013-10-29,6.520495,3.911762,28.741273,2.638972,5.815304
sz002016,2014-03-07,6.300000,6.330000,6.200000,6.250000,-0.007937,3330449.000000,20798163.720000,4038091140.000000,4038097700.000000,0.005155,34.458232,2013-09-30,2013-10-29,6.736049,4.041076,29.691397,2.726211,6.007546
sz002016,2014-03-06,6.160000,6.360000,6.090000,6.300000,0.024390,5315928.000000,33198530.160000,4070395870.000000,4070402480.000000,0.008228,34.733915,2013-09-30,2013-10-29,6.789941,4.073407,29.928943,2.748022,6.055609
sz002016,2014-03-05,6.210000,6.220000,6.140000,6.150000,-0.006462,2387737.000000,14731146.650000,3973481680.000000,3973488140.000000,0.003696,33.906925,2013-09-30,2013-10-29,6.628277,3.976422,29.216356,2.682593,5.911429
sz002016,2014-03-04,6.200000,6.250000,6.150000,6.190000,0.000000,3020505.000000,18738961.170000,3999325460.000000,3999331960.000000,0.004675,34.127457,2013-09-30,2013-10-29,6.671388,4.002285,29.406380,2.700041,5.949877
sz002016,2014-03-03,6.150000,6.210000,6.100000,6.190000,0.006504,3339997.000000,20574940.300000,3999325460.000000,3999331960.000000,0.005170,34.127457,2013-09-30,2013-10-29,6.671388,4.002285,29.406380,2.700041,5.949877
sz002016,2014-02-28,6.040000,6.150000,6.040000,6.150000,0.018212,2429505.000000,14800700.850000,3973481680.000000,3973488140.000000,0.003760,33.906926,2013-09-30,2013-10-29,6.628277,3.976422,29.216357,2.682593,5.911429
sz002016,2014-02-27,6.110000,6.170000,6.020000,6.040000,-0.009836,3270595.000000,19978105.370000,3902411280.000000,3902417620.000000,0.005062,33.300458,2013-09-30,2013-10-29,6.509722,3.905299,28.693786,2.634612,5.805696
sz002016,2014-02-26,6.050000,6.110000,6.020000,6.100000,0.011609,3154895.000000,19167061.710000,3941176950.000000,3941183360.000000,0.004883,33.631255,2013-09-30,2013-10-29,6.574388,3.944093,28.978822,2.660783,5.863368
sz002016,2014-02-25,6.130000,6.220000,6.010000,6.030000,-0.014706,4927979.000000,30148752.530000,3895950330.000000,3895956660.000000,0.007627,33.245311,2013-09-30,2013-10-29,6.498942,3.898831,28.646267,2.630249,5.796081
sz002016,2014-02-24,6.340000,6.350000,6.060000,6.120000,-0.043750,6066524.000000,37328836.060000,3954098840.000000,3954105270.000000,0.009390,33.741513,2013-09-30,2013-10-29,6.595942,3.957023,29.073827,2.669506,5.882591
sz002016,2014-02-21,6.610000,6.650000,6.380000,6.400000,-0.030303,4608209.000000,29919655.910000,4135005320.000000,4135012040.000000,0.007132,35.285243,2013-09-30,2013-10-29,6.897717,4.138064,30.404002,2.791641,6.151729
sz002016,2014-02-20,6.740000,6.790000,6.600000,6.600000,-0.020772,5393724.000000,35941059.670000,4264224240.000000,4264231170.000000,0.008348,36.387905,2013-09-30,2013-10-29,7.113270,4.267378,31.354126,2.878879,6.343970
sz002016,2014-02-19,6.660000,6.790000,6.630000,6.740000,0.012012,4799731.000000,32327084.730000,4354677480.000000,4354684560.000000,0.007429,37.159789,2013-09-30,2013-10-29,7.264161,4.357900,32.019230,2.939948,6.478543
sz002016,2014-02-18,6.750000,6.760000,6.630000,6.660000,-0.013333,4685607.000000,31271474.590000,4302989920.000000,4302996910.000000,0.007252,36.718723,2013-09-30,2013-10-29,7.177940,4.306175,31.639180,2.905052,6.401646
sz002016,2014-02-17,6.790000,6.810000,6.720000,6.750000,0.001484,5419168.000000,36522628.190000,4361138430.000000,4361145520.000000,0.008388,37.214910,2013-09-30,2013-10-29,7.274937,4.364365,32.066725,2.944309,6.488152
sz002016,2014-02-14,6.640000,6.750000,6.610000,6.740000,0.016591,4483027.000000,29962173.570000,4354677480.000000,4354684560.000000,0.006939,37.159765,2013-09-30,2013-10-29,7.264157,4.357898,32.019209,2.939946,6.478538
sz002016,2014-02-13,6.820000,6.820000,6.630000,6.630000,-0.023564,5895479.000000,39636873.590000,4283607080.000000,4283614040.000000,0.009125,36.553309,2013-09-30,2013-10-29,7.145604,4.286776,31.496648,2.891965,6.372807
sz002016,2014-02-12,6.700000,6.790000,6.650000,6.790000,0.013433,5697278.000000,38367172.510000,4386982210.000000,4386989340.000000,0.008818,37.435437,2013-09-30,2013-10-29,7.318046,4.390227,32.256746,2.961756,6.526600
sz002016,2014-02-11,6.690000,6.750000,6.630000,6.700000,0.000000,5507889.000000,36910070.560000,4328833700.000000,4328840730.000000,0.008525,36.939233,2013-09-30,2013-10-29,7.221046,4.332035,31.829184,2.922498,6.440090
sz002016,2014-02-10,6.530000,6.720000,6.530000,6.700000,0.021341,6074709.000000,40396364.240000,4328833700.000000,4328840730.000000,0.009402,36.939233,2013-09-30,2013-10-29,7.221046,4.332035,31.829184,2.922498,6.440090
sz002016,2014-02-07,6.510000,6.590000,6.380000,6.560000,0.006135,2519678.000000,16374476.410000,4238380460.000000,4238387350.000000,0.003900,36.167384,2013-09-30,2013-10-29,7.070162,4.241516,31.164111,2.861432,6.305524
sz002016,2014-01-30,6.620000,6.620000,6.480000,6.520000,-0.015106,2142605.000000,13962531.760000,4212536670.000000,4212543520.000000,0.003316,35.946850,2013-09-30,2013-10-29,7.027051,4.215653,30.974085,2.843985,6.267075
sz002016,2014-01-29,6.570000,6.650000,6.520000,6.620000,0.006079,2870308.000000,18945656.140000,4277146130.000000,4277153080.000000,0.004443,36.498192,2013-09-30,2013-10-29,7.134830,4.280312,31.449156,2.887605,6.363198
sz002016,2014-01-28,6.520000,6.650000,6.520000,6.580000,-0.006042,2403143.000000,15835181.650000,4251302350.000000,4251309260.000000,0.003719,36.277660,2013-09-30,2013-10-29,7.091719,4.254449,31.259132,2.870157,6.324750
sz002016,2014-01-27,6.610000,6.730000,6.470000,6.620000,-0.003012,4451072.000000,29427110.850000,4277146130.000000,4277153080.000000,0.006889,36.498182,2013-09-30,2013-10-29,7.134828,4.280311,31.449148,2.887604,6.363196
sz002016,2014-01-24,6.410000,6.680000,6.400000,6.640000,0.035881,5611444.000000,37070948.620000,4290068020.000000,4290075000.000000,0.008685,36.608447,2013-09-30,2013-10-29,7.156383,4.293242,31.544159,2.896328,6.382420
sz002016,2014-01-23,6.520000,6.530000,6.390000,6.410000,-0.015361,3786008.000000,24394798.040000,4141466270.000000,4141473000.000000,0.005860,35.340398,2013-09-30,2013-10-29,6.908499,4.144532,30.451527,2.796004,6.161345
sz002016,2014-01-22,6.240000,6.560000,6.220000,6.510000,0.043269,6399080.000000,41354507.350000,4206075730.000000,4206082560.000000,0.009904,35.891731,2013-09-30,2013-10-29,7.016276,4.209189,30.926591,2.839624,6.257466
sz002016,2014-01-21,6.180000,6.250000,6.180000,6.240000,0.011345,1588537.000000,9877591.610000,4031630190.000000,4031636740.000000,0.002459,34.403141,2013-09-30,2013-10-29,6.725280,4.034616,29.643928,2.721852,5.997941
sz002016,2014-01-20,6.150000,6.240000,6.150000,6.170000,0.001623,1777616.000000,10998844.400000,3986403570.000000,3986410050.000000,0.002751,34.017216,2013-09-30,2013-10-29,6.649837,3.989356,29.311390,2.691319,5.930658
sz002016,2014-01-17,6.190000,6.200000,6.110000,6.160000,-0.003236,2103546.000000,12936835.020000,3979942630.000000,3979949090.000000,0.003256,33.962096,2013-09-30,2013-10-29,6.639062,3.982892,29.263895,2.686958,5.921048
sz002016,2014-01-16,6.090000,6.250000,6.090000,6.180000,0.011457,2588976.000000,16004333.530000,3992864520.000000,3992871010.000000,0.004007,34.072354,2013-09-30,2013-10-29,6.660616,3.995823,29.358900,2.695681,5.940270
sz002016,2014-01-15,6.140000,6.180000,6.110000,6.110000,-0.008117,2040736.000000,12516610.000000,3947637900.000000,3947644310.000000,0.003159,33.686409,2013-09-30,2013-10-29,6.585170,3.950561,29.026345,2.665147,5.872984
sz002016,2014-01-14,6.010000,6.170000,6.010000,6.160000,0.014827,2333394.000000,14252826.890000,3979942630.000000,3979949090.000000,0.003612,33.962079,2013-09-30,2013-10-29,6.639059,3.982890,29.263880,2.686957,5.921045
sz002016,2014-01-13,6.180000,6.260000,6.050000,6.070000,-0.019386,2677355.000000,16437857.690000,3921794110.000000,3921800490.000000,0.004144,33.465880,2013-09-30,2013-10-29,6.542060,3.924699,28.836324,2.647699,5.834536
sz002016,2014-01-10,6.440000,6.460000,6.180000,6.190000,-0.041796,3014058.000000,18968578.460000,3999325460.000000,3999331960.000000,0.004665,34.127475,2013-09-30,2013-10-29,6.671391,4.002287,29.406396,2.700042,5.949880
sz002016,2014-01-09,6.520000,6.590000,6.460000,6.460000,-0.009202,1710825.000000,11177840.790000,4173771000.000000,4173777780.000000,0.002648,35.616085,2013-09-30,2013-10-29,6.962391,4.176863,30.689077,2.817816,6.209409
sz002016,2014-01-08,6.680000,6.690000,6.510000,6.520000,-0.015106,2539749.000000,16712289.070000,4212536670.000000,4212543520.000000,0.003931,35.946868,2013-09-30,2013-10-29,7.027054,4.215656,30.974101,2.843986,6.267079
sz002016,2014-01-07,6.630000,6.740000,6.590000,6.620000,-0.007496,2158341.000000,14347307.010000,4277146130.000000,4277153080.000000,0.003341,36.498210,2013-09-30,2013-10-29,7.134833,4.280314,31.449172,2.887606,6.363201
sz002016,2014-01-06,6.910000,6.930000,6.620000,6.670000,-0.034732,3252595.000000,22037600.610000,4309450860.000000,4309457870.000000,0.005034,36.773867,2013-09-30,2013-10-29,7.188720,4.312642,31.686695,2.909415,6.411260
sz002016,2014-01-03,6.820000,6.950000,6.740000,6.910000,0.019174,4916401.000000,33642169.920000,4464513560.000000,4464520820.000000,0.007609,38.097054,2013-09-30,2013-10-29,7.447382,4.467818,32.826837,3.014101,6.641948
sz002016,2014-01-02,6.700000,6.820000,6.700000,6.780000,0.008929,3051410.000000,20684884.130000,4380521270.000000,4380528380.000000,0.004723,37.380324,2013-09-30,2013-10-29,7.307273,4.383764,32.209257,2.957396,6.516991
sz002016,2013-12-31,6.700000,6.760000,6.610000,6.720000,0.002985,1926809.000000,12918205.610000,4341755590.000000,4341762650.000000,0.002982,37.049509,2013-09-30,2013-10-29,7.242603,4.344967,31.924205,2.931223,6.459316
sz002016,2013-12-30,6.760000,6.800000,6.660000,6.700000,-0.004458,2149508.000000,14442601.020000,4328826660.000000,4328840730.000000,0.003327,36.939245,2013-09-30,2013-10-29,7.221049,4.332036,31.829195,2.922499,6.440092
sz002016,2013-12-27,6.630000,6.730000,6.580000,6.730000,0.016616,2500783.000000,16704351.490000,4348209470.000000,4348223600.000000,0.003871,37.104658,2013-09-30,2013-10-29,7.253384,4.351435,31.971725,2.935586,6.468931
sz002016,2013-12-26,6.720000,6.820000,6.600000,6.620000,-0.026471,2629143.000000,17615706.950000,4277139180.000000,4277153080.000000,0.004069,36.498204,2013-09-30,2013-10-29,7.134832,4.280313,31.449166,2.887606,6.363200
sz002016,2013-12-25,6.760000,6.820000,6.670000,6.800000,0.002950,2920319.000000,19739452.200000,4393436020.000000,4393450300.000000,0.004520,37.490618,2013-09-30,2013-10-29,7.328833,4.396698,32.304293,2.966122,6.536220
sz002016,2013-12-24,6.700000,7.000000,6.700000,6.780000,0.043077,8359598.000000,57191239.230000,4380514150.000000,4380528380.000000,0.012939,37.380346,2013-09-30,2013-10-29,7.307277,4.383766,32.209276,2.957398,6.516995
sz002016,2013-12-23,6.600000,6.620000,6.450000,6.500000,-0.010654,2060210.000000,13458448.880000,4199607960.000000,4199621610.000000,0.003189,35.836612,2013-09-30,2013-10-29,7.005501,4.202725,30.879097,2.835263,6.247856
sz002016,2013-12-20,6.680000,6.680000,6.550000,6.570000,-0.014993,3096774.000000,20397738.600000,4244834510.000000,4244848300.000000,0.004793,36.222527,2013-09-30,2013-10-29,7.080941,4.247983,31.211625,2.865795,6.315138
sz002016,2013-12-19,6.810000,6.820000,6.660000,6.670000,-0.011852,2285610.000000,15364261.160000,4309443860.000000,4309457870.000000,0.003538,36.773877,2013-09-30,2013-10-29,7.188722,4.312643,31.686704,2.909416,6.411262
sz002016,2013-12-18,6.770000,6.830000,6.740000,6.750000,0.001484,1654798.000000,11205423.720000,4361131340.000000,4361145520.000000,0.002561,37.214949,2013-09-30,2013-10-29,7.274944,4.364369,32.066759,2.944312,6.488159
sz002016,2013-12-17,6.840000,6.870000,6.700000,6.740000,-0.013177,2870492.000000,19435433.720000,4354670410.000000,4354684560.000000,0.004443,37.159804,2013-09-30,2013-10-29,7.264164,4.357902,32.019243,2.939949,6.478545
sz002016,2013-12-16,7.030000,7.030000,6.830000,6.830000,-0.022890,3819374.000000,26413833.030000,4412818820.000000,4412833170.000000,0.005911,37.655997,2013-09-30,2013-10-29,7.361162,4.416093,32.446794,2.979206,6.565053
sz002016,2013-12-13,7.000000,7.040000,6.960000,6.990000,-0.002853,3143772.000000,21977996.300000,4516193790.000000,4516208470.000000,0.004866,38.538135,2013-09-30,2013-10-29,7.533607,4.519545,33.206900,3.048998,6.718847
sz002016,2013-12-12,7.010000,7.090000,6.990000,7.010000,-0.004261,4683111.000000,32921812.040000,4529115660.000000,4529130380.000000,0.007248,38.648399,2013-09-30,2013-10-29,7.555162,4.532477,33.301910,3.057721,6.738071
sz002016,2013-12-11,7.180000,7.180000,7.000000,7.040000,-0.022222,6675418.000000,47341679.860000,4548498470.000000,4548513250.000000,0.010332,38.813784,2013-09-30,2013-10-29,7.587492,4.551872,33.444417,3.070806,6.766905
sz002016,2013-12-10,7.050000,7.200000,6.970000,7.200000,0.021277,10253450.000000,72672698.800000,4651873430.000000,4651888550.000000,0.015870,39.695907,2013-09-30,2013-10-29,7.759933,4.655323,34.204510,3.140596,6.920697
sz002016,2013-12-09,7.090000,7.090000,7.020000,7.050000,0.000000,3528866.000000,24838880.550000,4554959400.000000,4554974210.000000,0.005462,38.868893,2013-09-30,2013-10-29,7.598265,4.558335,33.491903,3.075166,6.776513
sz002016,2013-12-06,6.990000,7.130000,6.940000,7.050000,0.008584,6664214.000000,47027806.620000,4554959400.000000,4554974210.000000,0.010315,38.868893,2013-09-30,2013-10-29,7.598265,4.558335,33.491903,3.075166,6.776513
sz002016,2013-12-05,6.990000,7.020000,6.930000,6.990000,0.000000,5115642.000000,35722478.260000,4516193790.000000,4516208470.000000,0.007918,38.538082,2013-09-30,2013-10-29,7.533596,4.519539,33.206855,3.048994,6.718838
sz002016,2013-12-04,6.880000,7.030000,6.870000,6.990000,0.017467,9448077.000000,66051535.380000,4516193790.000000,4516208470.000000,0.014623,38.538082,2013-09-30,2013-10-29,7.533596,4.519539,33.206855,3.048994,6.718838
sz002016,2013-12-03,6.740000,6.890000,6.720000,6.870000,0.019288,3792288.000000,25888978.490000,4438662560.000000,4438676990.000000,0.005870,37.876494,2013-09-30,2013-10-29,7.404266,4.441952,32.636788,2.996651,6.603495
sz002016,2013-12-02,6.950000,6.950000,6.690000,6.740000,-0.035765,8246597.000000,56010405.680000,4354670410.000000,4354684560.000000,0.012764,37.159756,2013-09-30,2013-10-29,7.264155,4.357897,32.019202,2.939945,6.478537
sz002016,2013-11-29,6.990000,7.010000,6.960000,6.990000,0.001433,4135073.000000,28888106.140000,4516193790.000000,4516208470.000000,0.006400,38.538070,2013-09-30,2013-10-29,7.533594,4.519538,33.206845,3.048993,6.718836
sz002016,2013-11-28,6.960000,7.050000,6.920000,6.980000,0.008671,5953289.000000,41652397.490000,4509732850.000000,4509747510.000000,0.009214,38.482924,2013-09-30,2013-10-29,7.522814,4.513071,33.159327,3.044630,6.709222
sz002016,2013-11-27,6.880000,6.950000,6.860000,6.920000,0.005814,3718553.000000,25675888.690000,4470967240.000000,4470981770.000000,0.005755,38.152107,2013-09-30,2013-10-29,7.458144,4.474274,32.874274,3.018457,6.651546
sz002016,2013-11-26,6.960000,6.990000,6.860000,6.880000,-0.011494,4362144.000000,30088907.950000,4445123500.000000,4445137950.000000,0.006752,37.931573,2013-09-30,2013-10-29,7.415033,4.448411,32.684248,3.001009,6.613098
sz002016,2013-11-25,6.920000,7.070000,6.870000,6.960000,0.004329,5760897.000000,40352303.010000,4496810980.000000,4496825600.000000,0.008917,38.372628,2013-09-30,2013-10-29,7.501253,4.500136,33.064289,3.035903,6.689992
sz002016,2013-11-22,6.990000,7.010000,6.890000,6.930000,-0.012821,5898017.000000,40795769.840000,4477428180.000000,4477442730.000000,0.009129,38.207229,2013-09-30,2013-10-29,7.468920,4.480739,32.921771,3.022818,6.661156
sz002016,2013-11-21,7.020000,7.170000,6.900000,7.020000,-0.007072,7872344.000000,55204676.250000,4535576590.000000,4535591340.000000,0.012185,38.703446,2013-09-30,2013-10-29,7.565922,4.538932,33.349343,3.062076,6.747668
sz002016,2013-11-20,7.010000,7.090000,6.970000,7.070000,0.007123,5603542.000000,39506382.500000,4567881270.000000,4567896120.000000,0.008673,38.979106,2013-09-30,2013-10-29,7.619810,4.571260,33.586869,3.083886,6.795728
sz002016,2013-11-19,7.050000,7.060000,6.910000,7.020000,-0.004255,5589060.000000,39026106.660000,4535576590.000000,4535591340.000000,0.008651,38.703422,2013-09-30,2013-10-29,7.565918,4.538929,33.349322,3.062075,6.747664
sz002016,2013-11-18,7.000000,7.070000,6.900000,7.050000,0.026201,6394330.000000,44725563.290000,4554959400.000000,4554974210.000000,0.009897,38.868809,2013-09-30,2013-10-29,7.598248,4.558325,33.491830,3.075159,6.776498
sz002016,2013-11-15,6.770000,6.930000,6.700000,6.870000,0.016272,5634224.000000,38586811.760000,4438662560.000000,4438676990.000000,0.008720,37.876409,2013-09-30,2013-10-29,7.404249,4.441942,32.636715,2.996644,6.603480
sz002016,2013-11-14,6.680000,6.820000,6.680000,6.760000,0.019608,4969779.000000,33633893.260000,4367592280.000000,4367606470.000000,0.007692,37.269952,2013-09-30,2013-10-29,7.285697,4.370820,32.114153,2.948664,6.497749
sz002016,2013-11-13,6.780000,6.780000,6.630000,6.630000,-0.016320,4244701.000000,28539684.970000,4283600120.000000,4283614040.000000,0.006570,36.553217,2013-09-30,2013-10-29,7.145586,4.286765,31.496569,2.891958,6.372791
sz002016,2013-11-12,6.660000,6.740000,6.610000,6.740000,0.012012,3832822.000000,25591520.760000,4354670410.000000,4354684560.000000,0.005932,37.159662,2013-09-30,2013-10-29,7.264137,4.357886,32.019121,2.939938,6.478521
sz002016,2013-11-11,6.760000,6.790000,6.550000,6.660000,-0.014793,3934431.000000,26139922.900000,4302982920.000000,4302996910.000000,0.006090,36.718599,2013-09-30,2013-10-29,7.177916,4.306160,31.639072,2.905043,6.401624
sz002016,2013-11-08,6.900000,6.930000,6.740000,6.760000,-0.025937,4518282.000000,30821429.970000,4367592280.000000,4367606470.000000,0.006993,37.269933,2013-09-30,2013-10-29,7.285693,4.370817,32.114137,2.948662,6.497745
sz002016,2013-11-07,7.100000,7.100000,6.910000,6.940000,-0.019774,4304955.000000,30124051.020000,4483889110.000000,4483903690.000000,0.006663,38.262343,2013-09-30,2013-10-29,7.479694,4.487202,32.969260,3.027178,6.670765
sz002016,2013-11-06,7.180000,7.180000,7.060000,7.080000,-0.013928,4659257.000000,33198121.790000,4574342210.000000,4574357070.000000,0.007211,39.034205,2013-09-30,2013-10-29,7.630581,4.577722,33.634346,3.088245,6.805334
sz002016,2013-11-05,7.170000,7.180000,7.080000,7.180000,0.001395,4587956.000000,32714674.780000,4638951560.000000,4638966640.000000,0.007101,39.585553,2013-09-30,2013-10-29,7.738361,4.642381,34.109422,3.131866,6.901457
sz002016,2013-11-04,7.250000,7.250000,7.130000,7.170000,-0.005548,2984931.000000,21391035.290000,4632490620.000000,4632505680.000000,0.004620,39.530408,2013-09-30,2013-10-29,7.727581,4.635914,34.061906,3.127503,6.891843
sz002016,2013-11-01,7.160000,7.290000,7.060000,7.210000,-0.013680,3907274.000000,28029293.650000,4658334370.000000,4658349510.000000,0.006048,39.750946,2013-09-30,2013-10-29,7.770692,4.661777,34.251935,3.144951,6.930292
sz002016,2013-10-31,7.280000,7.590000,7.280000,7.310000,0.018106,10165178.000000,75619155.130000,4722943720.000000,4722959070.000000,0.015733,40.302282,2013-09-30,2013-10-29,7.878470,4.726435,34.727001,3.188571,7.026414
sz002016,2013-10-30,7.130000,7.210000,7.100000,7.180000,0.002793,4367898.000000,31255274.400000,4638951560.000000,4638966640.000000,0.006760,39.585546,2013-09-30,2013-10-29,7.738359,4.642380,34.109416,3.131865,6.901456
sz002016,2013-10-29,7.580000,7.580000,6.870000,7.160000,-0.056653,9749396.000000,70567104.360000,4626029690.000000,4626044730.000000,0.015090,39.475291,2013-09-30,2013-10-29,7.716806,4.629450,34.014413,3.123142,6.882234
sz002016,2013-10-28,7.470000,7.610000,7.470000,7.590000,0.014706,4656632.000000,35230826.500000,4903849910.000000,4903865850.000000,0.007207,41.845992,2013-06-30,2013-08-22,8.707182,6.030714,88.402994,3.369961,7.295549
sz002016,2013-10-25,7.530000,7.580000,7.420000,7.480000,-0.001335,4954856.000000,37194353.700000,4832779620.000000,4832795330.000000,0.007669,41.239524,2013-06-30,2013-08-22,8.580990,5.943312,87.121782,3.321121,7.189815
sz002016,2013-10-24,7.480000,7.560000,7.370000,7.490000,0.001337,4578763.000000,34257228.620000,4839240550.000000,4839256280.000000,0.007087,41.294652,2013-06-30,2013-08-22,8.592461,5.951257,87.238245,3.325561,7.199426
sz002016,2013-10-23,7.590000,7.670000,7.480000,7.480000,-0.018373,6755477.000000,51028798.740000,4832779620.000000,4832795330.000000,0.010456,41.239515,2013-06-30,2013-08-22,8.580988,5.943311,87.121763,3.321120,7.189814
sz002016,2013-10-22,7.700000,7.710000,7.580000,7.620000,-0.012953,8417360.000000,64225379.320000,4923232710.000000,4923248720.000000,0.013028,42.011390,2013-06-30,2013-08-22,8.741598,6.054551,88.752411,3.383281,7.324384
sz002016,2013-10-21,7.620000,7.720000,7.520000,7.720000,0.013123,7595344.000000,58044534.300000,4987842070.000000,4987858280.000000,0.011756,42.562705,2013-06-30,2013-08-22,8.856314,6.134005,89.917107,3.427680,7.420502
sz002016,2013-10-18,7.610000,7.680000,7.560000,7.620000,0.001314,5079039.000000,38683402.960000,4923232710.000000,4923248720.000000,0.007861,42.011389,2013-06-30,2013-08-22,8.741598,6.054551,88.752409,3.383281,7.324384
sz002016,2013-10-17,7.800000,7.800000,7.570000,7.610000,-0.006527,6999481.000000,53727162.910000,4916771780.000000,4916787760.000000,0.010834,41.956259,2013-06-30,2013-08-22,8.730126,6.046606,88.635942,3.378842,7.314773
sz002016,2013-10-16,8.020000,8.020000,7.610000,7.660000,-0.048447,13062100.000000,101202115.860000,4949076460.000000,4949092540.000000,0.020217,42.231907,2013-06-30,2013-08-22,8.787482,6.086331,89.218269,3.401040,7.362830
sz002016,2013-10-15,7.880000,8.100000,7.810000,8.050000,0.032051,23048238.000000,183600618.610000,5201052930.000000,5201069840.000000,0.035673,44.382085,2013-06-30,2013-08-22,9.234884,6.396208,93.760694,3.574199,7.737698
sz002016,2013-10-14,7.910000,7.970000,7.700000,7.800000,-0.010152,15899122.000000,124613196.070000,5039529550.000000,5039545930.000000,0.024608,43.003772,2013-06-30,2013-08-22,8.948089,6.197570,90.848896,3.463200,7.497399
sz002016,2013-10-11,7.890000,8.000000,7.820000,7.880000,0.002545,13527913.000000,106766924.760000,5091217030.000000,5091233580.000000,0.020938,43.444823,2013-06-30,2013-08-22,9.039862,6.261133,91.780653,3.498719,7.574293
sz002016,2013-10-10,7.820000,8.070000,7.790000,7.860000,0.005115,22017478.000000,175179201.820000,5078295160.000000,5078311670.000000,0.034078,43.334537,2013-06-30,2013-08-22,9.016914,6.245239,91.547664,3.489838,7.555066
sz002016,2013-10-09,7.800000,7.920000,7.690000,7.820000,0.002564,12962786.000000,100902601.460000,5052451420.000000,5052467840.000000,0.020063,43.114009,2013-06-30,2013-08-22,8.971027,6.213457,91.081781,3.472078,7.516618
sz002016,2013-10-08,7.580000,7.890000,7.470000,7.800000,0.033113,17930392.000000,139021022.110000,5039529550.000000,5039545930.000000,0.027752,43.003747,2013-06-30,2013-08-22,8.948084,6.197566,90.848844,3.463198,7.497395
sz002016,2013-09-30,7.390000,7.700000,7.350000,7.550000,0.034247,10742650.000000,81272631.240000,4878006170.000000,4878022020.000000,0.016627,41.625405,2013-06-30,2013-08-22,8.661283,5.998924,87.936987,3.352197,7.257091
sz002016,2013-09-27,7.370000,7.460000,7.300000,7.300000,-0.009498,5594488.000000,41233149.650000,4716482780.000000,4716498110.000000,0.008659,40.247064,2013-06-30,2013-08-22,8.374482,5.800282,85.025131,3.241196,7.016787
sz002016,2013-09-26,7.650000,7.650000,7.360000,7.370000,-0.041612,9477190.000000,70977133.890000,4761709330.000000,4761724810.000000,0.014668,40.632996,2013-06-30,2013-08-22,8.454786,5.855901,85.840444,3.272276,7.084071
sz002016,2013-09-25,7.710000,7.760000,7.580000,7.690000,-0.002594,9673995.000000,74121221.500000,4968459260.000000,4968475410.000000,0.014973,42.397230,2013-06-30,2013-08-22,8.821882,6.110157,89.567528,3.414354,7.391653
sz002016,2013-09-24,7.930000,7.930000,7.600000,7.710000,-0.022814,10018969.000000,77458505.750000,4981381130.000000,4981397320.000000,0.015507,42.507494,2013-06-30,2013-08-22,8.844825,6.126048,89.800470,3.423234,7.410877
sz002016,2013-09-23,7.780000,7.970000,7.750000,7.890000,0.018065,7075732.000000,55636191.490000,5097677970.000000,5097694540.000000,0.010952,43.499901,2013-06-30,2013-08-22,9.051322,6.269071,91.897008,3.503155,7.583896
sz002016,2013-09-18,7.690000,7.830000,7.630000,7.750000,0.009115,5494615.000000,42435804.240000,5007224870.000000,5007241150.000000,0.008504,42.728019,2013-06-30,2013-08-22,8.890712,6.157829,90.266347,3.440993,7.449324
sz002016,2013-09-17,8.010000,8.030000,7.680000,7.680000,-0.035176,10300110.000000,80657876.350000,4961998330.000000,4962014450.000000,0.015942,42.342071,2013-06-30,2013-08-22,8.810405,6.102208,89.451001,3.409912,7.382036
sz002016,2013-09-16,8.140000,8.260000,7.950000,7.960000,-0.014851,12586163.000000,102028069.570000,5142904510.000000,5142921230.000000,0.019480,43.885798,2013-06-30,2013-08-22,9.131619,6.324685,92.712247,3.534232,7.651174
sz002016,2013-09-13,7.990000,8.130000,7.920000,8.080000,0.004975,13634420.000000,109502892.620000,5220435740.000000,5220452710.000000,0.021103,44.547371,2013-06-30,2013-08-22,9.269277,6.420029,94.109873,3.587510,7.766515
sz002016,2013-09-12,7.880000,8.120000,7.750000,8.040000,0.019011,12638744.000000,100151665.950000,5194592000.000000,5194608880.000000,0.019562,44.326845,2013-06-30,2013-08-22,9.223390,6.388247,93.643994,3.569751,7.728067
sz002016,2013-09-11,8.070000,8.140000,7.850000,7.890000,-0.031902,16608564.000000,132053473.940000,5097677970.000000,5097694540.000000,0.025706,43.499869,2013-06-30,2013-08-22,9.051316,6.269066,91.896941,3.503152,7.583890
sz002016,2013-09-10,8.150000,8.280000,8.010000,8.150000,-0.001225,20514898.000000,167044088.920000,5265662290.000000,5265679400.000000,0.031752,44.933332,2013-06-30,2013-08-22,9.349586,6.475652,94.925246,3.618593,7.833804
sz002016,2013-09-09,7.810000,8.380000,7.800000,8.160000,0.046154,26896327.000000,218114290.830000,5272123220.000000,5272140360.000000,0.041629,44.988443,2013-06-30,2013-08-22,9.361053,6.483595,95.041672,3.623031,7.843412
sz002016,2013-09-06,7.920000,7.950000,7.730000,7.800000,-0.013906,11756827.000000,91715016.530000,5039529550.000000,5039545930.000000,0.018197,43.003652,2013-06-30,2013-08-22,8.948065,6.197553,90.848644,3.463191,7.497378
sz002016,2013-09-05,7.980000,8.120000,7.810000,7.910000,-0.023457,15898897.000000,126223502.010000,5110599840.000000,5110616450.000000,0.024608,43.610094,2013-06-30,2013-08-22,9.074251,6.284951,92.129801,3.512029,7.603107
sz002016,2013-09-04,8.180000,8.210000,7.930000,8.100000,-0.008568,21203106.000000,170602602.650000,5233357610.000000,5233374620.000000,0.032817,44.657628,2013-06-30,2013-08-22,9.292219,6.435919,94.342800,3.596389,7.785737
sz002016,2013-09-03,7.640000,8.260000,7.630000,8.170000,0.066580,30115406.000000,242485951.190000,5278584160.000000,5278601310.000000,0.046612,45.043562,2013-06-30,2013-08-22,9.372522,6.491538,95.158115,3.627470,7.853022
sz002016,2013-09-02,7.820000,8.030000,7.540000,7.660000,-0.026684,18599389.000000,143129645.010000,4949076460.000000,4949092540.000000,0.028787,42.231770,2013-06-30,2013-08-22,8.787454,6.086312,89.217982,3.401029,7.362806
sz002016,2013-08-30,7.620000,8.050000,7.610000,7.870000,0.043767,38071676.000000,297626776.530000,5084756100.000000,5084772620.000000,0.058926,43.389578,2013-06-30,2013-08-22,9.028367,6.253171,91.663942,3.494270,7.564662
sz002016,2013-08-29,7.470000,7.550000,7.410000,7.540000,0.025850,17666622.000000,132239266.210000,4871545230.000000,4871561070.000000,0.027344,41.570176,2013-06-30,2013-08-22,8.649791,5.990965,87.820311,3.347749,7.247462
sz002016,2013-08-28,7.400000,7.490000,7.280000,7.350000,-0.018692,12917801.000000,95020398.420000,4748787460.000000,4748802900.000000,0.019994,40.522665,2013-06-30,2013-08-22,8.431828,5.840001,85.607360,3.263391,7.064836
sz002016,2013-08-27,7.390000,7.580000,7.380000,7.490000,0.026027,20165138.000000,151388583.160000,4839240550.000000,4839256280.000000,0.031211,41.294543,2013-06-30,2013-08-22,8.592438,5.951241,87.238013,3.325552,7.199407
sz002016,2013-08-26,7.280000,7.320000,7.210000,7.300000,0.011080,8346411.000000,60684941.160000,4716482780.000000,4716498110.000000,0.012918,40.247033,2013-06-30,2013-08-22,8.374476,5.800277,85.025066,3.241193,7.016781
sz002016,2013-08-23,7.300000,7.380000,7.080000,7.220000,-0.004138,9768708.000000,70604953.210000,4664795300.000000,4664810460.000000,0.015120,39.805983,2013-06-30,2013-08-22,8.282703,5.736715,84.093312,3.205674,6.939888
sz002016,2013-08-22,7.400000,7.400000,7.210000,7.250000,-0.022911,12787449.000000,92929824.180000,4684178110.000000,4684193330.000000,0.019792,39.971384,2013-06-30,2013-08-22,8.317120,5.760552,84.442736,3.218995,6.968724
sz002016,2013-08-21,7.350000,7.450000,7.280000,7.420000,0.015048,9196517.000000,67717587.140000,4794014010.000000,4794029590.000000,0.014234,40.908642,2013-03-31,2013-04-20,8.742005,7.260525,56.797973,3.309676,7.132128
sz002016,2013-08-20,7.230000,7.360000,7.180000,7.310000,0.011065,8571137.000000,62575502.000000,4722943720.000000,4722959070.000000,0.013266,40.302175,2013-03-31,2013-04-20,8.612405,7.152888,55.955948,3.260611,7.026395
sz002016,2013-08-19,7.090000,7.270000,7.030000,7.230000,0.011189,5614570.000000,40247154.790000,4671256240.000000,4671271420.000000,0.008690,39.861112,2013-03-31,2013-04-20,8.518152,7.074607,55.343571,3.224927,6.949499
sz002016,2013-08-16,7.080000,7.440000,7.060000,7.150000,-0.001397,8859231.000000,63916717.030000,4619568750.000000,4619583770.000000,0.013712,39.420041,2013-03-31,2013-04-20,8.423897,6.996326,54.731184,3.189242,6.872601
sz002016,2013-08-15,7.410000,7.410000,7.110000,7.160000,-0.029810,9099307.000000,66338334.740000,4626029690.000000,4626044730.000000,0.014084,39.475188,2013-03-31,2013-04-20,8.435682,7.006113,54.807751,3.193704,6.882216
sz002016,2013-08-14,7.460000,7.610000,7.350000,7.380000,-0.005391,14084454.000000,105651575.770000,4768170270.000000,4768185760.000000,0.021799,40.688100,2013-03-31,2013-04-20,8.694876,7.221382,56.491770,3.291834,7.093678
sz002016,2013-08-13,7.360000,7.470000,7.350000,7.420000,0.013661,13032000.000000,96582425.300000,4794014010.000000,4794029590.000000,0.020170,40.908639,2013-03-31,2013-04-20,8.742004,7.260524,56.797968,3.309676,7.132128
sz002016,2013-08-12,7.190000,7.340000,7.170000,7.320000,0.019499,11564940.000000,84025166.360000,4729404650.000000,4729420030.000000,0.017900,40.357317,2013-03-31,2013-04-20,8.624189,7.162675,56.032508,3.265072,7.036009
sz002016,2013-08-09,7.210000,7.240000,7.070000,7.180000,-0.001391,8449455.000000,60502770.410000,4638951560.000000,4638966640.000000,0.013078,39.585441,2013-03-31,2013-04-20,8.459242,7.025681,54.960827,3.202624,6.901438
sz002016,2013-08-08,7.290000,7.290000,7.130000,7.190000,-0.008276,7952283.000000,57065114.750000,4645412500.000000,4645427590.000000,0.012308,39.640581,2013-03-31,2013-04-20,8.471026,7.035467,55.037384,3.207085,6.911051
sz002016,2013-08-07,7.120000,7.450000,7.120000,7.250000,0.018258,19402149.000000,141861133.990000,4684178110.000000,4684193330.000000,0.030030,39.971384,2013-03-31,2013-04-20,8.541717,7.094179,55.496674,3.233848,6.968724
sz002016,2013-08-06,7.090000,7.140000,7.010000,7.120000,0.000000,8213865.000000,58149182.510000,4600185950.000000,4600200900.000000,0.012713,39.254672,2013-03-31,2013-04-20,8.388559,6.966976,54.501584,3.175863,6.843770
sz002016,2013-08-05,7.040000,7.120000,6.990000,7.120000,0.004231,7025198.000000,49681249.190000,4600185950.000000,4600200900.000000,0.010873,39.254672,2013-03-31,2013-04-20,8.388559,6.966976,54.501584,3.175863,6.843770
sz002016,2013-08-02,7.130000,7.200000,7.080000,7.090000,0.007102,11029102.000000,78779625.650000,4580803140.000000,4580818030.000000,0.017070,39.089286,2013-03-31,2013-04-20,8.353216,6.937623,54.271960,3.162483,6.814936
sz002016,2013-08-01,6.970000,7.080000,6.900000,7.040000,0.012950,8912515.000000,62442635.540000,4548498470.000000,4548513250.000000,0.013794,38.813631,2013-03-31,2013-04-20,8.294310,6.888699,53.889238,3.140181,6.766878
sz002016,2013-07-31,7.050000,7.220000,6.890000,6.950000,0.016082,8490259.000000,60014497.580000,4490350050.000000,4490364640.000000,0.013141,38.317421,2013-03-31,2013-04-20,8.188272,6.800631,53.200294,3.100036,6.680367
sz002016,2013-07-30,6.770000,6.940000,6.640000,6.840000,0.004405,5066619.000000,34470249.990000,4419279760.000000,4419294120.000000,0.007842,37.710953,2013-03-31,2013-04-20,8.058672,6.692994,52.358269,3.050970,6.574634
sz002016,2013-07-29,6.960000,7.000000,6.780000,6.810000,-0.032670,6132648.000000,42042348.470000,4399896950.000000,4399911250.000000,0.009492,37.545565,2013-03-31,2013-04-20,8.023329,6.663641,52.128642,3.037590,6.545800
sz002016,2013-07-26,7.010000,7.100000,6.970000,7.040000,-0.001418,4963185.000000,34818323.290000,4548498470.000000,4548513250.000000,0.007682,38.813605,2013-03-31,2013-04-20,8.294304,6.888694,53.889202,3.140179,6.766874
sz002016,2013-07-25,7.120000,7.170000,7.010000,7.050000,-0.009831,5831848.000000,41290288.090000,4554959400.000000,4554974210.000000,0.009026,38.868721,2013-03-31,2013-04-20,8.306082,6.898476,53.965726,3.144638,6.776483
sz002016,2013-07-24,7.270000,7.270000,7.000000,7.120000,-0.021978,11370795.000000,80675233.010000,4600185950.000000,4600200900.000000,0.017599,39.254633,2013-03-31,2013-04-20,8.388550,6.966969,54.501530,3.175860,6.843764
sz002016,2013-07-23,7.070000,7.300000,7.070000,7.280000,0.025352,8983678.000000,64953475.670000,4703560910.000000,4703576200.000000,0.013905,40.136759,2013-03-31,2013-04-20,8.577057,7.123530,55.726283,3.247228,6.997556
sz002016,2013-07-22,6.950000,7.100000,6.820000,7.100000,0.009957,6247816.000000,43732479.600000,4587264080.000000,4587278990.000000,0.009670,39.144371,2013-03-31,2013-04-20,8.364988,6.947399,54.348441,3.166940,6.824540
sz002016,2013-07-19,7.390000,7.470000,7.020000,7.030000,-0.050000,12252986.000000,88933482.070000,4542037530.000000,4542052290.000000,0.018965,38.758453,2013-03-31,2013-04-20,8.282519,6.878906,53.812629,3.135717,6.757258
sz002016,2013-07-18,7.610000,7.660000,7.400000,7.400000,-0.022457,10452632.000000,78069430.980000,4781092140.000000,4781107680.000000,0.016178,40.798372,2013-03-31,2013-04-20,8.718441,7.240954,56.644872,3.300755,7.112903
sz002016,2013-07-17,7.510000,7.680000,7.380000,7.570000,0.002649,19058750.000000,144013607.680000,4890928040.000000,4890943930.000000,0.029498,41.735629,2013-03-31,2013-04-20,8.918728,7.407299,57.946169,3.376583,7.276307
sz002016,2013-07-16,7.460000,7.570000,7.390000,7.550000,0.014785,11558348.000000,86540053.920000,4878006170.000000,4878022020.000000,0.017890,41.625363,2013-03-31,2013-04-20,8.895165,7.387729,57.793075,3.367662,7.257083
sz002016,2013-07-15,7.360000,7.540000,7.300000,7.440000,0.010870,10345389.000000,76866501.640000,4806935880.000000,4806951500.000000,0.016012,41.018899,2013-03-31,2013-04-20,8.765566,7.280093,56.951054,3.318596,7.151351
sz002016,2013-07-12,7.590000,7.690000,7.330000,7.360000,-0.025166,14411613.000000,107720379.870000,4755248400.000000,4755263850.000000,0.022306,40.577818,2013-03-31,2013-04-20,8.671309,7.201809,56.338653,3.282911,7.074451
sz002016,2013-07-11,7.250000,7.690000,7.210000,7.550000,0.047157,21322112.000000,159274653.640000,4878006170.000000,4878022020.000000,0.033002,41.625362,2013-03-31,2013-04-20,8.895165,7.387729,57.793073,3.367662,7.257083
sz002016,2013-07-10,7.050000,7.250000,6.910000,7.210000,0.031474,12309154.000000,87315085.880000,4658334370.000000,4658349510.000000,0.019052,39.750832,2013-03-31,2013-04-20,8.494586,7.055035,55.190457,3.216005,6.930272
sz002016,2013-07-09,7.070000,7.170000,6.840000,6.990000,-0.015493,8337870.000000,58244263.310000,4516193790.000000,4516208470.000000,0.012905,38.537890,2013-03-31,2013-04-20,8.235385,6.839760,53.506397,3.117873,6.718805
sz002016,2013-07-08,7.510000,7.520000,7.100000,7.100000,-0.069463,11353502.000000,82916574.800000,4587264080.000000,4587278990.000000,0.017573,39.144354,2013-03-31,2013-04-20,8.364984,6.947396,54.348417,3.166938,6.824537
sz002016,2013-07-05,7.580000,7.860000,7.480000,7.630000,0.014628,14061759.000000,107520951.700000,4929693650.000000,4929709670.000000,0.021764,42.066413,2013-03-31,2013-04-20,8.989416,7.466007,58.405433,3.403345,7.333977
sz002016,2013-07-04,7.450000,7.610000,7.330000,7.520000,0.006693,12466909.000000,93869721.080000,4858623360.000000,4858639150.000000,0.019296,41.459937,2013-03-31,2013-04-20,8.859814,7.358369,57.563396,3.354278,7.228243
sz002016,2013-07-03,7.500000,7.540000,7.340000,7.470000,-0.017105,11564031.000000,85891122.360000,4826318680.000000,4826334370.000000,0.017898,41.184290,2013-03-31,2013-04-20,8.800910,7.309447,57.180686,3.331977,7.180186
sz002016,2013-07-02,7.370000,7.660000,7.370000,7.600000,0.039672,16662532.000000,125679382.970000,4910310840.000000,4910326800.000000,0.025790,41.901007,2013-03-31,2013-04-20,8.954069,7.436651,58.175782,3.389963,7.305140
sz002016,2013-07-01,7.130000,7.320000,7.040000,7.310000,0.015278,11875650.000000,85228153.680000,4722943720.000000,4722959070.000000,0.018381,40.302141,2013-03-31,2013-04-20,8.612398,7.152882,55.955900,3.260608,7.026389
sz002016,2013-06-28,6.920000,7.320000,6.850000,7.200000,0.040462,15768573.000000,113171973.090000,4651879480.000000,4651888550.000000,0.024406,39.695670,2013-03-31,2013-04-20,8.482798,7.045245,55.113870,3.211542,6.920655
sz002016,2013-06-27,6.930000,7.210000,6.900000,6.920000,0.011696,14122535.000000,99428049.590000,4470973050.000000,4470981770.000000,0.021858,38.151965,2013-03-31,2013-04-20,8.152915,6.771266,52.970575,3.086650,6.651521
sz002016,2013-06-26,6.800000,6.950000,6.640000,6.840000,0.010340,11102707.000000,75685570.000000,4419285500.000000,4419294120.000000,0.017184,37.710899,2013-03-31,2013-04-20,8.058661,6.692984,52.358193,3.050966,6.574625
sz002016,2013-06-25,6.920000,6.990000,6.270000,6.770000,-0.028694,15278714.000000,100976721.070000,4374058900.000000,4374067430.000000,0.023648,37.324959,2013-03-31,2013-04-20,7.976187,6.624487,51.822350,3.019742,6.507339
sz002016,2013-06-24,7.580000,7.580000,6.900000,6.970000,-0.084100,10683930.000000,76537920.920000,4503277770.000000,4503286560.000000,0.016536,38.427600,2013-03-31,2013-04-20,8.211817,6.820186,53.353269,3.108950,6.699576
sz002016,2013-06-21,7.400000,7.660000,7.260000,7.610000,0.006614,7657764.000000,57385987.430000,4916778170.000000,4916787760.000000,0.011852,41.956109,2013-03-31,2013-04-20,8.965844,7.446430,58.252286,3.394421,7.314747
sz002016,2013-06-20,7.780000,7.970000,7.550000,7.560000,-0.036943,8179714.000000,63630535.270000,4884473450.000000,4884482980.000000,0.012660,41.680435,2013-03-31,2013-04-20,8.906934,7.397503,57.869537,3.372117,7.266685
sz002016,2013-06-19,7.890000,7.890000,7.670000,7.850000,-0.015056,8377199.000000,65087382.490000,5071840820.000000,5071850710.000000,0.012966,43.279302,2013-03-31,2013-04-20,9.248605,7.681273,60.089421,3.501472,7.545436
sz002016,2013-06-18,7.890000,8.050000,7.870000,7.970000,0.015287,9410316.000000,74818352.520000,5149372140.000000,5149382190.000000,0.014565,43.940876,2013-03-31,2013-04-20,9.389980,7.798690,61.007956,3.554996,7.660776
sz002016,2013-06-17,7.860000,7.980000,7.530000,7.850000,0.000000,11749728.000000,91589808.610000,5071840820.000000,5071850710.000000,0.018186,43.279266,2013-03-31,2013-04-20,9.248597,7.681266,60.089370,3.501469,7.545429
sz002016,2013-06-14,7.710000,7.920000,7.700000,7.850000,0.022135,10738356.000000,84088498.950000,5071840820.000000,5071850710.000000,0.016620,43.279266,2013-03-31,2013-04-20,9.248597,7.681266,60.089370,3.501469,7.545429
sz002016,2013-06-13,8.170000,8.170000,7.660000,7.680000,-0.083532,13732332.000000,107158222.550000,4962004780.000000,4962014450.000000,0.021254,42.342025,2013-03-31,2013-04-20,9.048313,7.514923,58.788096,3.425643,7.382028
sz002016,2013-06-07,8.890000,8.950000,8.300000,8.380000,-0.057368,17046266.000000,145143301.430000,5414270840.000000,5414281400.000000,0.026384,46.201313,2013-03-31,2013-04-20,9.873026,8.199875,64.146370,3.737875,8.054867
sz002016,2013-06-06,8.900000,9.070000,8.820000,8.890000,0.000000,14130903.000000,126573586.900000,5743778970.000000,5743790170.000000,0.021871,49.013096,2013-03-31,2013-04-20,10.473893,8.698915,68.050279,3.965360,8.545082
sz002016,2013-06-05,9.000000,9.030000,8.740000,8.890000,-0.016593,11288761.000000,100381438.650000,5743778970.000000,5743790170.000000,0.017472,49.013096,2013-03-31,2013-04-20,10.473893,8.698915,68.050279,3.965360,8.545082
sz002016,2013-06-04,8.860000,9.080000,8.720000,9.040000,0.013453,16546335.000000,147692944.710000,5840693120.000000,5840704510.000000,0.025610,49.840093,2013-03-31,2013-04-20,10.650618,8.845691,69.198489,4.032267,8.689263
sz002016,2013-06-03,8.730000,9.190000,8.730000,8.920000,0.014790,17203329.000000,154723938.710000,5763161800.000000,5763173040.000000,0.026627,49.178495,2013-03-31,2013-04-20,10.509238,8.728270,68.279919,3.978741,8.573918
sz002016,2013-05-31,9.000000,9.030000,8.790000,8.790000,-0.025499,15667891.000000,139123612.880000,5679169530.000000,5679180610.000000,0.024250,48.461745,2013-03-31,2013-04-20,10.356071,8.601060,67.284778,3.920753,8.448958
sz002016,2013-05-30,8.960000,9.250000,8.920000,9.020000,0.004454,20044004.000000,182039392.630000,5827771240.000000,5827782600.000000,0.031023,49.729806,2013-03-31,2013-04-20,10.627050,8.826117,69.045365,4.023344,8.670035
sz002016,2013-05-29,9.040000,9.180000,8.840000,8.980000,-0.018579,31167226.000000,280838647.780000,5801927460.000000,5801938780.000000,0.048239,49.509291,2013-03-31,2013-04-20,10.579928,8.786980,68.739201,4.005504,8.631590
sz002016,2013-05-28,8.430000,9.200000,8.300000,9.150000,0.086698,39931536.000000,348931381.590000,5911763500.000000,5911775030.000000,0.061804,50.446537,2013-03-31,2013-04-20,10.780213,8.953324,70.040483,4.081331,8.794992
sz002016,2013-05-27,8.310000,8.490000,8.220000,8.420000,0.005974,16674587.000000,139624852.670000,5440114610.000000,5440125220.000000,0.025808,46.421855,2013-03-31,2013-04-20,9.920155,8.239018,64.452574,3.755718,8.093317
sz002016,2013-05-24,8.300000,8.480000,8.250000,8.370000,-0.012972,21373481.000000,178158223.320000,5407809890.000000,5407820440.000000,0.033081,46.146178,2013-03-31,2013-04-20,9.861244,8.190090,64.069821,3.733414,8.045255
sz002016,2013-05-23,8.430000,8.780000,8.200000,8.480000,0.003550,44804964.000000,378631772.540000,5478880270.000000,5478890960.000000,0.069347,46.752654,2013-03-31,2013-04-20,9.990846,8.297728,64.911857,3.782481,8.150990
sz002016,2013-05-22,8.000000,8.650000,8.000000,8.450000,0.073698,40536580.000000,342577561.890000,5459497440.000000,5459508090.000000,0.062741,46.587269,2013-03-31,2013-04-20,9.955504,8.268375,64.682235,3.769100,8.122156
sz002016,2013-05-21,7.800000,7.880000,7.680000,7.870000,0.008974,17412885.000000,135201614.430000,5084762710.000000,5084772620.000000,0.026951,43.389546,2013-03-31,2013-04-20,9.272164,7.700839,60.242485,3.510392,7.564656
sz002016,2013-05-20,7.780000,7.890000,7.600000,7.800000,0.006452,17471699.000000,136164398.660000,5039536100.000000,5039545930.000000,0.027042,43.003631,2013-03-31,2013-04-20,9.189695,7.632346,59.706677,3.479169,7.497375
sz002016,2013-05-17,7.600000,7.950000,7.600000,7.750000,0.021080,23396160.000000,182706934.610000,5007231380.000000,5007241150.000000,0.036212,42.727951,2013-03-31,2013-04-20,9.130784,7.583418,59.323919,3.456866,7.449312
sz002016,2013-05-16,7.270000,7.630000,7.200000,7.590000,0.044017,18772188.000000,139983213.650000,4903856280.000000,4903865850.000000,0.029055,41.845840,2013-03-31,2013-04-20,8.942280,7.426860,58.099188,3.385499,7.295522
sz002016,2013-05-15,7.300000,7.320000,7.210000,7.270000,0.001377,9108179.000000,66122048.690000,4697106080.000000,4697115240.000000,0.014097,40.081570,2013-03-31,2013-04-20,8.565263,7.113735,55.649657,3.242763,6.987934
sz002016,2013-05-14,7.430000,7.430000,7.180000,7.260000,-0.032000,14080920.000000,102223414.580000,4690645140.000000,4690654290.000000,0.021794,40.026453,2013-03-31,2013-04-20,8.553485,7.103952,55.573133,3.238304,6.978325
sz002016,2013-05-13,7.970000,7.970000,7.480000,7.500000,-0.056604,25055535.000000,190245787.210000,4845707790.000000,4845717240.000000,0.038780,41.349642,2013-03-31,2013-04-20,8.836245,7.338794,57.410261,3.345355,7.209013
sz002016,2013-05-10,7.900000,8.040000,7.820000,7.950000,0.000887,11898570.000000,94544408.080000,5136450260.000000,5136460270.000000,0.018416,43.830631,2013-03-31,2013-04-20,9.366422,7.779123,60.854892,3.546077,7.641556
sz002016,2013-05-09,11.510000,11.600000,11.160000,11.270000,-0.032618,10109627.000000,113921997.990000,5201059690.000000,5201069840.000000,0.021906,43.791788,2013-03-31,2013-04-20,9.358121,7.772229,60.800961,3.542935,7.634784
sz002016,2013-05-08,11.490000,11.700000,11.370000,11.650000,0.019248,11730250.000000,135038283.150000,5376428170.000000,5376438650.000000,0.025418,45.268351,2013-03-31,2013-04-20,9.673656,8.034292,62.851036,3.662395,7.892212
sz002016,2013-05-07,11.400000,11.590000,11.200000,11.430000,-0.002618,8078068.000000,91973742.850000,5274899050.000000,5274909340.000000,0.017504,44.413480,2013-03-31,2013-04-20,9.490974,7.882568,61.664125,3.593232,7.743172
sz002016,2013-05-06,11.370000,11.500000,11.220000,11.460000,0.015957,9837395.000000,111855399.880000,5288743930.000000,5288754240.000000,0.021316,44.530060,2013-03-31,2013-04-20,9.515887,7.903259,61.825986,3.602664,7.763496
sz002016,2013-05-03,11.240000,11.460000,11.170000,11.280000,0.010753,10564087.000000,119476745.180000,5205674650.000000,5205684810.000000,0.022891,43.830654,2013-03-31,2013-04-20,9.366427,7.779127,60.854924,3.546079,7.641560
sz002016,2013-05-02,10.720000,11.170000,10.590000,11.160000,0.042017,7863499.000000,86533174.280000,5150295140.000000,5150305180.000000,0.017039,43.364357,2013-03-31,2013-04-20,9.266781,7.696368,60.207512,3.508354,7.560265
sz002016,2013-04-26,10.690000,10.840000,10.570000,10.710000,0.003749,4266487.000000,45744883.140000,4942621950.000000,4942631580.000000,0.009245,41.615787,2013-03-31,2013-04-20,8.893119,7.386030,57.779779,3.366887,7.255414
sz002016,2013-04-25,11.020000,11.060000,10.650000,10.670000,-0.037004,7362511.000000,79828501.260000,4924162110.000000,4924171710.000000,0.015954,41.460352,2013-03-31,2013-04-20,8.859903,7.358443,57.563972,3.354312,7.228315
sz002016,2013-04-24,10.750000,11.140000,10.750000,11.080000,0.028784,7377269.000000,81108612.840000,5113375460.000000,5113385430.000000,0.015986,43.053504,2013-03-31,2013-04-20,9.200353,7.641198,59.775920,3.483204,7.506069
sz002016,2013-04-23,11.080000,11.180000,10.710000,10.770000,-0.027978,7485650.000000,82042898.790000,4970311700.000000,4970321400.000000,0.016220,41.848924,2013-03-31,2013-04-20,8.942939,7.427407,58.103470,3.385749,7.296060
sz002016,2013-04-22,11.330000,11.330000,10.880000,11.080000,-0.035683,13919921.000000,153853313.840000,5113375460.000000,5113385430.000000,0.030163,43.053474,2013-03-31,2013-04-20,9.200347,7.641192,59.775879,3.483202,7.506064
sz002016,2013-04-19,11.450000,11.530000,11.270000,11.490000,0.012335,8778132.000000,100102079.670000,5302588810.000000,5302599150.000000,0.019021,44.646599,2012-12-31,2013-02-28,31.170142,8.586071,-68.040907,4.768814,7.783814
sz002016,2013-04-18,11.040000,11.530000,10.920000,11.350000,0.020683,9818235.000000,110768347.540000,5237979370.000000,5237989590.000000,0.021275,44.102593,2012-12-31,2013-02-28,30.790343,8.481452,-67.211849,4.710708,7.688971
sz002016,2013-04-17,11.140000,11.190000,10.900000,11.120000,0.000000,7396561.000000,81797455.540000,5131835300.000000,5131845310.000000,0.016027,43.208904,2012-12-31,2013-02-28,30.166411,8.309585,-65.849876,4.615250,7.533162
sz002016,2013-04-16,10.750000,11.170000,10.700000,11.120000,0.019248,10582633.000000,116229260.900000,5131835300.000000,5131845310.000000,0.022931,43.208904,2012-12-31,2013-02-28,30.166411,8.309585,-65.849876,4.615250,7.533162
sz002016,2013-04-15,10.430000,10.950000,10.360000,10.910000,0.042025,9333341.000000,100541571.100000,5034921140.000000,5034930960.000000,0.020224,42.392925,2012-12-31,2013-02-28,29.596733,8.152662,-64.606333,4.528094,7.390902
sz002016,2013-04-12,10.320000,10.620000,10.210000,10.470000,0.015519,5711615.000000,59624235.670000,4831862910.000000,4831872330.000000,0.012376,40.683213,2012-12-31,2013-02-28,28.403093,7.823864,-62.000752,4.345475,7.092826
sz002016,2013-04-11,10.490000,10.530000,10.260000,10.310000,-0.008654,4360290.000000,45234276.950000,4758023550.000000,4758032830.000000,0.009448,40.061498,2012-12-31,2013-02-28,27.969041,7.704301,-61.053266,4.279068,6.984435
sz002016,2013-04-10,10.490000,10.670000,10.200000,10.400000,-0.014218,5853010.000000,60899344.270000,4799558190.000000,4799567550.000000,0.012683,40.411217,2012-12-31,2013-02-28,28.213198,7.771556,-61.586233,4.316422,7.045406
sz002016,2013-04-09,10.210000,10.700000,10.210000,10.550000,0.034314,9043804.000000,95200086.400000,4868782590.000000,4868792080.000000,0.019597,40.994071,2012-12-31,2013-02-28,28.620119,7.883646,-62.474496,4.378679,7.147022
sz002016,2013-04-08,10.000000,10.270000,9.700000,10.200000,-0.012585,7263203.000000,72941345.230000,4707259000.000000,4707268180.000000,0.015738,39.634067,2012-12-31,2013-02-28,27.670629,7.622101,-60.401866,4.233413,6.909915
sz002016,2013-04-03,11.030000,11.090000,10.200000,10.330000,-0.069369,14682989.000000,156191961.800000,4767253470.000000,4767262770.000000,0.031816,40.139219,2012-12-31,2013-02-28,28.023303,7.719248,-61.171712,4.287370,6.997985
sz002016,2013-04-02,10.990000,11.390000,10.830000,11.100000,0.010009,18118211.000000,201170619.910000,5122605380.000000,5122615370.000000,0.039260,43.131187,2012-12-31,2013-02-28,30.112152,8.294639,-65.731436,4.606949,7.519613
sz002016,2013-04-01,11.300000,11.850000,10.880000,10.990000,0.012903,26688606.000000,298722340.590000,5071840820.000000,5071850710.000000,0.057831,42.703765,2012-12-31,2013-02-28,29.813747,8.212441,-65.080050,4.561295,7.445095
sz002016,2013-03-29,10.080000,10.960000,9.950000,10.850000,0.083916,12697830.000000,132887481.370000,5007231380.000000,5007241150.000000,0.027514,42.159777,2012-12-31,2013-02-28,29.433960,8.107825,-64.251019,4.503191,7.350255
sz002016,2013-03-28,9.950000,10.200000,9.710000,10.010000,-0.001994,7861900.000000,78597955.470000,4619574760.000000,4619583770.000000,0.017036,38.895797,2012-12-31,2013-02-28,27.155204,7.480123,-59.276751,4.154557,6.781203
sz002016,2013-03-27,10.060000,10.150000,9.960000,10.030000,0.001998,4217024.000000,42395828.110000,4628804680.000000,4628813710.000000,0.009138,38.973510,2012-12-31,2013-02-28,27.209460,7.495068,-59.395185,4.162857,6.794752
sz002016,2013-03-26,9.880000,10.110000,9.860000,10.010000,0.011111,5769564.000000,57706705.690000,4619574760.000000,4619583770.000000,0.012502,38.895797,2012-12-31,2013-02-28,27.155204,7.480123,-59.276750,4.154557,6.781203
sz002016,2013-03-25,10.060000,10.100000,9.700000,9.900000,-0.025591,7740146.000000,76447242.480000,4568810200.000000,4568819110.000000,0.016772,38.468375,2012-12-31,2013-02-28,26.856798,7.397925,-58.625364,4.108903,6.706685
sz002016,2013-03-22,10.330000,10.360000,10.150000,10.160000,-0.015504,5591698.000000,57231222.150000,4688799160.000000,4688808300.000000,0.012116,39.478673,2012-12-31,2013-02-28,27.562141,7.592217,-60.165047,4.216815,6.882823
sz002016,2013-03-21,10.270000,10.330000,10.060000,10.320000,0.008798,10025618.000000,102227406.880000,4762638510.000000,4762647800.000000,0.021724,40.100390,2012-12-31,2013-02-28,27.996194,7.711781,-61.112536,4.283222,6.991215
sz002016,2013-03-20,10.010000,10.320000,9.900000,10.230000,0.021978,7425008.000000,75564029.200000,4721103880.000000,4721113080.000000,0.016089,39.750663,2012-12-31,2013-02-28,27.752031,7.644524,-60.579557,4.245867,6.930243
sz002016,2013-03-19,10.480000,10.730000,9.880000,10.010000,-0.046667,10375671.000000,104892888.500000,4619574760.000000,4619583770.000000,0.022483,38.895811,2012-12-31,2013-02-28,27.155214,7.480126,-59.276772,4.154558,6.781206
sz002016,2013-03-18,11.450000,11.450000,10.500000,10.500000,-0.074890,9712014.000000,104500178.460000,4845707790.000000,4845717240.000000,0.021045,40.799816,2012-12-31,2013-02-28,28.484500,7.846289,-62.178454,4.357930,7.113155
sz002016,2013-03-15,11.180000,11.450000,11.030000,11.350000,0.015206,8056817.000000,91262339.520000,5237979370.000000,5237989590.000000,0.017458,44.102665,2012-12-31,2013-02-28,30.790393,8.481466,-67.211958,4.710715,7.688983
sz002016,2013-03-14,11.520000,11.550000,11.120000,11.180000,-0.018437,4679245.000000,52869660.970000,5159525060.000000,5159535120.000000,0.010139,43.442085,2012-12-31,2013-02-28,30.329207,8.354428,-66.205241,4.640157,7.573816
sz002016,2013-03-13,11.250000,11.450000,11.070000,11.390000,0.007965,7274548.000000,82198668.880000,5256439210.000000,5256449460.000000,0.015763,44.258071,2012-12-31,2013-02-28,30.898889,8.511352,-67.448794,4.727314,7.716077
sz002016,2013-03-12,11.150000,11.320000,10.630000,11.300000,0.012545,8909629.000000,98161685.740000,5214904570.000000,5214914740.000000,0.019306,43.908341,2012-12-31,2013-02-28,30.654725,8.444095,-66.915810,4.689959,7.655104
sz002016,2013-03-11,11.310000,11.350000,11.000000,11.160000,-0.021053,5610353.000000,62367893.120000,5150295140.000000,5150305180.000000,0.012157,43.364335,2012-12-31,2013-02-28,30.274926,8.339476,-66.086752,4.631852,7.560261
sz002016,2013-03-08,11.620000,11.950000,11.260000,11.400000,-0.017241,9173797.000000,106030657.080000,5261054170.000000,5261064430.000000,0.019878,44.296918,2012-12-31,2013-02-28,30.926011,8.518823,-67.507997,4.731464,7.722850
sz002016,2013-03-07,11.330000,11.700000,11.210000,11.600000,0.023831,12192389.000000,140370554.690000,5353353370.000000,5353363810.000000,0.026419,45.074040,2012-12-31,2013-02-28,31.468560,8.668273,-68.692322,4.814470,7.858335
sz002016,2013-03-06,11.280000,11.630000,11.260000,11.330000,0.005324,9118548.000000,104159083.970000,5228749450.000000,5228759650.000000,0.019759,44.024883,2012-12-31,2013-02-28,30.736089,8.466507,-67.093418,4.702407,7.675422
sz002016,2013-03-05,10.660000,11.550000,10.600000,11.270000,0.056232,10103733.000000,111147157.980000,5201059690.000000,5201069840.000000,0.021893,43.791735,2012-12-31,2013-02-28,30.573316,8.421670,-66.738105,4.677504,7.634775
sz002016,2013-03-04,10.910000,11.170000,10.260000,10.670000,-0.050712,8566715.000000,91483744.000000,4924162110.000000,4924171710.000000,0.018563,41.460338,2012-12-31,2013-02-28,28.945645,7.973315,-63.185081,4.428482,7.228312
sz002016,2013-03-01,10.990000,11.340000,10.930000,11.240000,0.024613,9722800.000000,108514642.920000,5187214820.000000,5187224930.000000,0.021068,43.675194,2012-12-31,2013-02-28,30.491953,8.399258,-66.560497,4.665056,7.614457
sz002016,2013-02-28,10.900000,11.190000,10.680000,10.970000,0.017625,7977209.000000,87467292.020000,5062610900.000000,5062620770.000000,0.017286,42.626039,2012-12-31,2013-02-28,29.759483,8.197493,-64.961597,4.552993,7.431544
sz002016,2013-02-27,10.450000,10.800000,10.420000,10.780000,0.036538,8113198.000000,86536684.580000,4974926660.000000,4974936370.000000,0.017580,41.887768,2012-09-30,2012-10-20,87.938936,14.513954,-27.621741,5.202408,7.302832
sz002016,2013-02-26,10.300000,10.550000,10.270000,10.400000,0.010690,4349312.000000,45288544.400000,4799558190.000000,4799567550.000000,0.009424,40.411222,2012-09-30,2012-10-20,84.839085,14.002337,-26.648073,5.019023,7.045407
sz002016,2013-02-25,10.180000,10.450000,10.100000,10.290000,0.013793,3575320.000000,36864476.430000,4748793630.000000,4748802900.000000,0.007747,39.983796,2012-09-30,2012-10-20,83.941748,13.854235,-26.366219,4.965937,6.970888
sz002016,2013-02-22,10.060000,10.350000,9.900000,10.150000,0.006944,3635802.000000,37036793.710000,4684184200.000000,4684193330.000000,0.007878,39.439802,2012-09-30,2012-10-20,82.799692,13.665743,-26.007497,4.898374,6.876047
sz002016,2013-02-21,10.250000,10.450000,10.030000,10.080000,-0.027027,3079474.000000,31447359.890000,4651879480.000000,4651888550.000000,0.006673,39.167821,2012-09-30,2012-10-20,82.228696,13.571503,-25.828146,4.864594,6.828629
sz002016,2013-02-20,10.260000,10.430000,10.120000,10.360000,0.010732,3520623.000000,36360290.060000,4781098350.000000,4781107680.000000,0.007629,40.255815,2012-09-30,2012-10-20,84.512824,13.948489,-26.545594,4.999722,7.018313
sz002016,2013-02-19,10.600000,10.660000,10.000000,10.250000,-0.033019,4803896.000000,49529860.590000,4730333800.000000,4730343020.000000,0.010409,39.828377,2012-09-30,2012-10-20,83.615463,13.800383,-26.263732,4.946634,6.943792
sz002016,2013-02-18,10.250000,10.600000,10.160000,10.600000,0.039216,6886611.000000,71943782.180000,4891857390.000000,4891866930.000000,0.014922,41.188376,2012-09-30,2012-10-20,86.470637,14.271617,-27.160546,5.115544,7.180898
sz002016,2013-02-08,10.200000,10.280000,10.070000,10.200000,0.001965,3776508.000000,38490304.780000,4707259000.000000,4707268180.000000,0.008183,39.634085,2012-09-30,2012-10-20,83.207569,13.733062,-26.135612,4.922504,6.909918
sz002016,2013-02-07,10.050000,10.200000,10.000000,10.180000,0.001969,3282922.000000,33258808.920000,4698029080.000000,4698038240.000000,0.007114,39.556357,2012-09-30,2012-10-20,83.044387,13.706129,-26.084356,4.912850,6.896367
sz002016,2013-02-06,10.020000,10.270000,9.960000,10.160000,0.014985,3964114.000000,40234399.320000,4688799160.000000,4688808300.000000,0.008590,39.478624,2012-09-30,2012-10-20,82.881194,13.679195,-26.033097,4.903195,6.882815
sz002016,2013-02-05,10.100000,10.200000,9.750000,10.010000,-0.006944,5161374.000000,51657573.070000,4619574760.000000,4619583770.000000,0.011184,38.895771,2012-09-30,2012-10-20,81.657555,13.477238,-25.648750,4.830806,6.781199
sz002016,2013-02-04,9.740000,10.120000,9.600000,10.080000,0.034908,9331454.000000,92602247.430000,4651879480.000000,4651888550.000000,0.020220,39.167752,2012-09-30,2012-10-20,82.228550,13.571479,-25.828101,4.864585,6.828616
sz002016,2013-02-01,9.590000,9.800000,8.650000,9.740000,0.015641,7226238.000000,68930643.830000,4494970850.000000,4494979610.000000,0.015658,37.846602,2012-09-30,2012-10-20,79.454937,13.113705,-24.956905,4.700500,6.598284
sz002016,2013-01-31,9.800000,9.800000,9.490000,9.590000,-0.019427,4336382.000000,41537394.530000,4425746450.000000,4425755080.000000,0.009396,37.263760,2012-09-30,2012-10-20,78.231321,12.911753,-24.572566,4.628112,6.496669
sz002016,2013-01-30,9.540000,9.980000,9.430000,9.780000,0.029474,9994468.000000,96405283.610000,4513430680.000000,4513439490.000000,0.021657,38.002025,2012-09-30,2012-10-20,79.781231,13.167559,-25.059394,4.719804,6.625380
sz002016,2013-01-29,9.290000,9.550000,9.200000,9.500000,0.019313,7883380.000000,73666627.820000,4384211810.000000,4384220360.000000,0.017082,36.914021,2012-09-30,2012-10-20,77.497082,12.790570,-24.341940,4.584675,6.435695
sz002016,2013-01-28,8.990000,9.320000,8.920000,9.320000,0.036707,6542177.000000,59841208.980000,4301142530.000000,4301150920.000000,0.014176,36.214609,2012-09-30,2012-10-20,76.028739,12.548226,-23.880731,4.497809,6.313757
sz002016,2013-01-25,9.100000,9.150000,8.640000,8.990000,-0.012088,8041986.000000,71080136.910000,4148848860.000000,4148856950.000000,0.017426,34.932347,2012-09-30,2012-10-20,73.336766,12.103927,-23.035179,4.338554,6.090204
sz002016,2013-01-24,9.370000,9.550000,8.860000,9.100000,-0.018339,8617452.000000,79689664.240000,4199613420.000000,4199621610.000000,0.018673,35.359776,2012-09-30,2012-10-20,74.234108,12.252029,-23.317035,4.391640,6.164723
sz002016,2013-01-23,9.170000,9.430000,9.100000,9.270000,0.000000,5854100.000000,54225163.120000,4278067730.000000,4278076080.000000,0.012685,36.020353,2012-09-30,2012-10-20,75.620920,12.480917,-23.752635,4.473683,6.279890
sz002016,2013-01-22,9.360000,9.440000,9.090000,9.270000,-0.012780,6993323.000000,64846200.040000,4278067730.000000,4278076080.000000,0.015154,36.020353,2012-09-30,2012-10-20,75.620920,12.480917,-23.752635,4.473683,6.279890
sz002016,2013-01-21,9.090000,9.390000,8.940000,9.390000,0.039867,9937501.000000,91007395.060000,4333447250.000000,4333455700.000000,0.021533,36.486653,2012-09-30,2012-10-20,76.599867,12.642488,-24.060123,4.531596,6.361186
sz002016,2013-01-18,8.800000,9.190000,8.800000,9.030000,0.034364,6636606.000000,59515171.000000,4167308700.000000,4167316830.000000,0.014381,35.087807,2012-09-30,2012-10-20,73.663138,12.157793,-23.137693,4.357862,6.117307
sz002016,2013-01-17,8.860000,8.910000,8.700000,8.730000,-0.015784,4200259.000000,36960402.950000,4028859910.000000,4028867760.000000,0.009101,33.922108,2012-09-30,2012-10-20,71.215876,11.753883,-22.369005,4.213083,5.914076
sz002016,2013-01-16,8.860000,8.910000,8.590000,8.870000,-0.004489,4520897.000000,39718818.580000,4093469340.000000,4093477330.000000,0.009796,34.466121,2012-09-30,2012-10-20,72.357974,11.942381,-22.727739,4.280649,6.008921
sz002016,2013-01-15,8.800000,8.980000,8.640000,8.910000,0.018286,5277627.000000,46496582.170000,4111929180.000000,4111937200.000000,0.011436,34.621537,2012-09-30,2012-10-20,72.684254,11.996232,-22.830224,4.299951,6.036017
sz002016,2013-01-14,8.380000,8.750000,8.350000,8.750000,0.041667,6833880.000000,58701331.140000,4038089830.000000,4038097700.000000,0.014808,33.999816,2012-09-30,2012-10-20,71.379017,11.780809,-22.420247,4.222734,5.927624
sz002016,2013-01-11,8.740000,8.820000,8.280000,8.400000,-0.040000,4678368.000000,39904200.780000,3876566230.000000,3876573790.000000,0.010137,32.639813,2012-09-30,2012-10-20,68.523834,11.309573,-21.523431,4.053824,5.690517
sz002016,2013-01-10,8.850000,9.020000,8.740000,8.750000,-0.015748,4104491.000000,36371037.820000,4038089830.000000,4038097700.000000,0.008894,33.999805,2012-09-30,2012-10-20,71.378994,11.780805,-22.420240,4.222733,5.927622
sz002016,2013-01-09,8.830000,9.050000,8.710000,8.890000,-0.003363,3869861.000000,34333410.950000,4102699260.000000,4102707260.000000,0.008385,34.543801,2012-09-30,2012-10-20,72.521056,11.969297,-22.778963,4.290297,6.022464
sz002016,2013-01-08,9.350000,9.380000,8.840000,8.920000,0.007910,8141719.000000,73943609.440000,4116544140.000000,4116552170.000000,0.017642,34.660364,2012-09-30,2012-10-20,72.765767,12.009686,-22.855827,4.304774,6.042786
sz002016,2013-01-07,8.690000,8.910000,8.600000,8.850000,0.018412,3404984.000000,29891839.730000,4084239420.000000,4084247390.000000,0.007378,34.388352,2012-09-30,2012-10-20,72.194707,11.915435,-22.676457,4.270990,5.995362
sz002016,2013-01-04,8.690000,8.980000,8.510000,8.690000,0.002307,4223563.000000,36777595.150000,4010400070.000000,4010407890.000000,0.009152,33.766641,2012-09-30,2012-10-20,70.889490,11.700014,-22.266486,4.193774,5.886972
